301 -1 1 0
302 -1 1 0
303 -1 1 0
304 -1 1 0
305 -1 1 0
306 -1 1 0
307 -1 1 0
308 -1 1 0
309 -1 1 0
310 -1 1 0
311 -1 1 0
312 -1 1 0
313 -1 1 0
314 -1 1 0
315 -1 1 0
316 -1 1 0
317 -1 1 0
318 -1 1 0
319 -1 1 0
320 -1 1 0
321 -1 1 0
322 -1 1 0
323 -1 1 0
324 -1 1 0
325 -1 1 0
326 -1 1 0
327 -1 1 0
328 -1 1 0
329 -1 1 0
330 -1 1 0
331 -1 1 0
332 -1 1 0
333 -1 1 0
334 -1 1 0
335 -1 1 0
336 -1 1 0
337 -1 1 0
338 -1 1 0
339 -1 1 0
340 -1 1 0
341 -1 1 0
342 -1 1 0
343 -1 1 0
344 -1 1 0
345 -1 1 0
346 -1 1 0
347 -1 1 0
348 -1 1 0
349 -1 1 0
350 -1 1 0
351 -1 1 0
352 -1 1 0
353 -1 1 0
354 -1 1 0
355 -1 1 0
356 -1 1 0
357 -1 1 0
358 -1 1 0
359 -1 1 0
360 -1 1 0
361 -1 1 0
362 -1 1 0
363 -1 1 0
364 -1 1 0
365 -1 1 0
366 -1 1 0
367 -1 1 0
368 -1 1 0
369 -1 1 0
370 -1 1 0
371 -1 1 0
372 -1 1 0
373 -1 1 0
374 -1 1 0
375 -1 1 0
376 -1 1 0
377 -1 1 0
378 -1 1 0
379 -1 1 0
380 -1 1 0
381 -1 1 0
382 -1 1 0
383 -1 1 0
384 -1 1 0
385 -1 1 0
386 -1 1 0
387 -1 1 0
388 -1 1 0
389 -1 1 0
390 -1 1 0
391 -1 1 0
392 -1 1 0
393 -1 1 0
394 -1 1 0
395 -1 1 0
396 -1 1 0
397 -1 1 0
398 -1 1 0
399 -1 1 0
400 -1 1 0
401 -1 1 0
402 -1 1 0
403 -1 1 0
404 -1 1 0
405 -1 1 0
406 -1 1 0
407 -1 1 0
408 -1 1 0
409 -1 1 0
410 -1 1 0
411 -1 1 0
412 -1 1 0
413 -1 1 0
414 -1 1 0
415 -1 1 0
416 -1 1 0
417 -1 1 0
418 -1 1 0
419 -1 1 0
420 -1 1 0
421 -1 1 0
422 -1 1 0
423 -1 1 0
424 -1 1 0
425 -1 1 0
426 -1 1 0
427 -1 1 0
428 -1 1 0
429 -1 1 0
430 -1 1 0
431 -1 1 0
432 -1 1 0
433 -1 1 0
434 -1 1 0
435 -1 1 0
436 -1 1 0
437 -1 1 0
438 -1 1 0
439 -1 1 0
440 -1 1 0
441 -1 1 0
442 -1 1 0
443 -1 1 0
444 -1 1 0
445 -1 1 0
446 -1 1 0
447 -1 1 0
448 -1 1 0
449 -1 1 0
450 -1 1 0
451 -1 1 0
452 -1 1 0
453 -1 1 0
454 -1 1 0
455 -1 1 0
456 -1 1 0
457 -1 1 0
458 -1 1 0
459 -1 1 0
460 -1 1 0
461 -1 1 0
462 -1 1 0
463 -1 1 0
464 -1 1 0
465 -1 1 0
466 -1 1 0
467 -1 1 0
468 -1 1 0
469 -1 1 0
470 -1 1 0
471 -1 1 0
472 -1 1 0
473 -1 1 0
474 -1 1 0
475 -1 1 0
476 -1 1 0
477 -1 1 0
478 -1 1 0
479 -1 1 0
480 -1 1 0
481 -1 1 0
482 -1 1 0
483 -1 1 0
484 -1 1 0
485 -1 1 0
486 -1 1 0
487 -1 1 0
488 -1 1 0
489 -1 1 0
490 -1 1 0
491 -1 1 0
492 -1 1 0
493 -1 1 0
494 -1 1 0
495 -1 1 0
496 -1 1 0
497 -1 1 0
498 -1 1 0
499 -1 1 0
500 -1 1 0
501 -1 1 0
502 -1 1 0
503 -1 1 0
504 -1 1 0
505 -1 1 0
506 -1 1 0
507 -1 1 0
508 -1 1 0
509 -1 1 0
510 -1 1 0
511 -1 1 0
512 -1 1 0
513 -1 1 0
514 -1 1 0
515 -1 1 0
516 -1 1 0
517 -1 1 0
518 -1 1 0
519 -1 1 0
520 -1 1 0
521 -1 1 0
522 -1 1 0
523 -1 1 0
524 -1 1 0
525 -1 1 0
526 -1 1 0
527 -1 1 0
528 -1 1 0
529 -1 1 0
530 -1 1 0
531 -1 1 0
532 -1 1 0
533 -1 1 0
534 -1 1 0
535 -1 1 0
536 -1 1 0
537 -1 1 0
538 -1 1 0
539 -1 1 0
540 -1 1 0
541 -1 1 0
542 -1 1 0
543 -1 1 0
544 -1 1 0
545 -1 1 0
546 -1 1 0
547 -1 1 0
548 -1 1 0
549 -1 1 0
550 -1 1 0
551 -1 1 0
552 -1 1 0
553 -1 1 0
554 -1 1 0
555 -1 1 0
556 -1 1 0
557 -1 1 0
558 -1 1 0
559 -1 1 0
560 -1 1 0
561 -1 1 0
562 -1 1 0
563 -1 1 0
564 -1 1 0
565 -1 1 0
566 -1 1 0
567 -1 1 0
568 -1 1 0
569 -1 1 0
570 -1 1 0
571 -1 1 0
572 -1 1 0
573 -1 1 0
574 -1 1 0
575 -1 1 0
576 -1 1 0
577 -1 1 0
578 -1 1 0
579 -1 1 0
580 -1 1 0
581 -1 1 0
582 -1 1 0
583 -1 1 0
584 -1 1 0
585 -1 1 0
586 -1 1 0
587 -1 1 0
588 -1 1 0
589 -1 1 0
590 -1 1 0
591 -1 1 0
592 -1 1 0
593 -1 1 0
594 -1 1 0
595 -1 1 0
596 -1 1 0
597 -1 1 0
598 -1 1 0
599 -1 1 0
600 -1 1 0
601 -1 1 0
602 -1 1 0
603 -1 1 0
604 -1 1 0
605 -1 1 0
606 -1 1 0
607 -1 1 0
608 -1 1 0
609 -1 1 0
610 -1 1 0
611 -1 1 0
612 -1 1 0
613 -1 1 0
614 -1 1 0
615 -1 1 0
616 -1 1 0
617 -1 1 0
618 -1 1 0
619 -1 1 0
620 -1 1 0
621 -1 1 0
622 -1 1 0
623 -1 1 0
624 -1 1 0
625 -1 1 0
626 -1 1 0
627 -1 1 0
628 -1 1 0
629 -1 1 0
630 -1 1 0
631 -1 1 0
632 -1 1 0
633 -1 1 0
634 -1 1 0
635 -1 1 0
636 -1 1 0
637 -1 1 0
638 -1 1 0
639 -1 1 0
640 -1 1 0
641 -1 1 0
642 -1 1 0
643 -1 1 0
644 -1 1 0
645 -1 1 0
646 -1 1 0
647 -1 1 0
648 -1 1 0
649 -1 1 0
650 -1 1 0
651 -1 1 0
652 -1 1 0
653 -1 1 0
654 -1 1 0
655 -1 1 0
656 -1 1 0
657 -1 1 0
658 -1 1 0
659 -1 1 0
660 -1 1 0
661 -1 1 0
662 -1 1 0
663 -1 1 0
664 -1 1 0
665 -1 1 0
666 -1 1 0
667 -1 1 0
668 -1 1 0
669 -1 1 0
670 -1 1 0
671 -1 1 0
672 -1 1 0
673 -1 1 0
674 -1 1 0
675 -1 1 0
676 -1 1 0
677 -1 1 0
678 -1 1 0
679 -1 1 0
680 -1 1 0
681 -1 1 0
682 -1 1 0
683 -1 1 0
684 -1 1 0
685 -1 1 0
686 -1 1 0
687 -1 1 0
688 -1 1 0
689 -1 1 0
690 -1 1 0
691 -1 1 0
692 -1 1 0
693 -1 1 0
694 -1 1 0
695 -1 1 0
696 -1 1 0
697 -1 1 0
698 -1 1 0
699 -1 1 0
700 -1 1 0
701 -1 1 0
702 -1 1 0
703 -1 1 0
704 -1 1 0
705 -1 1 0
706 -1 1 0
707 -1 1 0
708 -1 1 0
709 -1 1 0
710 -1 1 0
711 -1 1 0
712 -1 1 0
713 -1 1 0
714 -1 1 0
715 -1 1 0
716 -1 1 0
717 -1 1 0
718 -1 1 0
719 -1 1 0
720 -1 1 0
721 -1 1 0
722 -1 1 0
723 -1 1 0
724 -1 1 0
725 -1 1 0
726 -1 1 0
727 -1 1 0
728 -1 1 0
729 -1 1 0
730 -1 1 0
731 -1 1 0
732 -1 1 0
733 -1 1 0
734 -1 1 0
735 -1 1 0
736 -1 1 0
737 -1 1 0
738 -1 1 0
739 -1 1 0
740 -1 1 0
741 -1 1 0
742 -1 1 0
743 -1 1 0
744 -1 1 0
745 -1 1 0
746 -1 1 0
747 -1 1 0
748 -1 1 0
749 -1 1 0
750 -1 1 0
751 -1 1 0
752 -1 1 0
753 -1 1 0
754 -1 1 0
755 -1 1 0
756 -1 1 0
757 -1 1 0
758 -1 1 0
759 -1 1 0
760 -1 1 0
761 -1 1 0
762 -1 1 0
763 -1 1 0
764 -1 1 0
765 -1 1 0
766 -1 1 0
767 -1 1 0
768 -1 1 0
769 -1 1 0
770 -1 1 0
771 -1 1 0
772 -1 1 0
773 -1 1 0
774 -1 1 0
775 -1 1 0
776 -1 1 0
777 -1 1 0
778 -1 1 0
779 -1 1 0
780 -1 1 0
781 -1 1 0
782 -1 1 0
783 -1 1 0
784 -1 1 0
785 -1 1 0
786 -1 1 0
787 -1 1 0
788 -1 1 0
789 -1 1 0
790 -1 1 0
791 -1 1 0
792 -1 1 0
793 -1 1 0
794 -1 1 0
795 -1 1 0
796 -1 1 0
797 -1 1 0
798 -1 1 0
799 -1 1 0
800 -1 1 0
801 -1 1 0
802 -1 1 0
803 -1 1 0
804 -1 1 0
805 -1 1 0
806 -1 1 0
807 -1 1 0
808 -1 1 0
809 -1 1 0
810 -1 1 0
811 -1 1 0
812 -1 1 0
813 -1 1 0
814 -1 1 0
815 -1 1 0
816 -1 1 0
817 -1 1 0
818 -1 1 0
819 -1 1 0
820 -1 1 0
821 -1 1 0
822 -1 1 0
823 -1 1 0
824 -1 1 0
825 -1 1 0
826 -1 1 0
827 -1 1 0
828 -1 1 0
829 -1 1 0
830 -1 1 0
831 -1 1 0
832 -1 1 0
833 -1 1 0
834 -1 1 0
835 -1 1 0
836 -1 1 0
837 -1 1 0
838 -1 1 0
839 -1 1 0
840 -1 1 0
841 -1 1 0
842 -1 1 0
843 -1 1 0
844 -1 1 0
845 -1 1 0
846 -1 1 0
847 -1 1 0
848 -1 1 0
849 -1 1 0
850 -1 1 0
851 -1 1 0
852 -1 1 0
853 -1 1 0
854 -1 1 0
855 -1 1 0
856 -1 1 0
857 -1 1 0
858 -1 1 0
859 -1 1 0
860 -1 1 0
861 -1 1 0
862 -1 1 0
863 -1 1 0
864 -1 1 0
865 -1 1 0
866 -1 1 0
867 -1 1 0
868 -1 1 0
869 -1 1 0
870 -1 1 0
871 -1 1 0
872 -1 1 0
873 -1 1 0
874 -1 1 0
875 -1 1 0
876 -1 1 0
877 -1 1 0
878 -1 1 0
879 -1 1 0
880 -1 1 0
881 -1 1 0
882 -1 1 0
883 -1 1 0
884 -1 1 0
885 -1 1 0
886 -1 1 0
887 -1 1 0
888 -1 1 0
889 -1 1 0
890 -1 1 0
891 -1 1 0
892 -1 1 0
893 -1 1 0
894 -1 1 0
895 -1 1 0
896 -1 1 0
897 -1 1 0
898 -1 1 0
899 -1 1 0
900 -1 1 0
901 -1 1 0
902 -1 1 0
903 -1 1 0
904 -1 1 0
905 -1 1 0
906 -1 1 0
907 -1 1 0
908 -1 1 0
909 -1 1 0
910 -1 1 0
911 -1 1 0
912 -1 1 0
913 -1 1 0
914 -1 1 0
915 -1 1 0
916 -1 1 0
917 -1 1 0
918 -1 1 0
919 -1 1 0
920 -1 1 0
921 -1 1 0
922 -1 1 0
923 -1 1 0
924 -1 1 0
925 -1 1 0
926 -1 1 0
927 -1 1 0
928 -1 1 0
929 -1 1 0
930 -1 1 0
931 -1 1 0
932 -1 1 0
933 -1 1 0
934 -1 1 0
935 -1 1 0
936 -1 1 0
937 -1 1 0
938 -1 1 0
939 -1 1 0
940 -1 1 0
941 -1 1 0
942 -1 1 0
943 -1 1 0
944 -1 1 0
945 -1 1 0
946 -1 1 0
947 -1 1 0
948 -1 1 0
949 -1 1 0
950 -1 1 0
951 -1 1 0
952 -1 1 0
953 -1 1 0
954 -1 1 0
955 -1 1 0
956 -1 1 0
957 -1 1 0
958 -1 1 0
959 -1 1 0
960 -1 1 0
961 -1 1 0
962 -1 1 0
963 -1 1 0
964 -1 1 0
965 -1 1 0
966 -1 1 0
967 -1 1 0
968 -1 1 0
969 -1 1 0
970 -1 1 0
971 -1 1 0
972 -1 1 0
973 -1 1 0
974 -1 1 0
975 -1 1 0
976 -1 1 0
977 -1 1 0
978 -1 1 0
979 -1 1 0
980 -1 1 0
981 -1 1 0
982 -1 1 0
983 -1 1 0
984 -1 1 0
985 -1 1 0
986 -1 1 0
987 -1 1 0
988 -1 1 0
989 -1 1 0
990 -1 1 0
991 -1 1 0
992 -1 1 0
993 -1 1 0
994 -1 1 0
995 -1 1 0
996 -1 1 0
997 -1 1 0
998 -1 1 0
999 -1 1 0
1000 -1 1 0
1001 -1 1 0
1002 -1 1 0
1003 -1 1 0
1004 -1 1 0
1005 -1 1 0
1006 -1 1 0
1007 -1 1 0
1008 -1 1 0
1009 -1 1 0
1010 -1 1 0
1011 -1 1 0
1012 -1 1 0
1013 -1 1 0
1014 -1 1 0
1015 -1 1 0
1016 -1 1 0
1017 -1 1 0
1018 -1 1 0
1019 -1 1 0
1020 -1 1 0
1021 -1 1 0
1022 -1 1 0
1023 -1 1 0
1024 -1 1 0
1025 -1 1 0
1026 -1 1 0
1027 -1 1 0
1028 -1 1 0
1029 -1 1 0
1030 -1 1 0
1031 -1 1 0
1032 -1 1 0
1033 -1 1 0
1034 -1 1 0
1035 -1 1 0
1036 -1 1 0
1037 -1 1 0
1038 -1 1 0
1039 -1 1 0
1040 -1 1 0
1041 -1 1 0
1042 -1 1 0
1043 -1 1 0
1044 -1 1 0
1045 -1 1 0
1046 -1 1 0
1047 -1 1 0
1048 -1 1 0
1049 -1 1 0
1050 -1 1 0
1051 -1 1 0
1052 -1 1 0
1053 -1 1 0
1054 -1 1 0
1055 -1 1 0
1056 -1 1 0
1057 -1 1 0
1058 -1 1 0
1059 -1 1 0
1060 -1 1 0
1061 -1 1 0
1062 -1 1 0
1063 -1 1 0
1064 -1 1 0
1065 -1 1 0
1066 -1 1 0
1067 -1 1 0
1068 -1 1 0
1069 -1 1 0
1070 -1 1 0
1071 -1 1 0
1072 -1 1 0
1073 -1 1 0
1074 -1 1 0
1075 -1 1 0
1076 -1 1 0
1077 -1 1 0
1078 -1 1 0
1079 -1 1 0
1080 -1 1 0
1081 -1 1 0
1082 -1 1 0
1083 -1 1 0
1084 -1 1 0
1085 -1 1 0
1086 -1 1 0
1087 -1 1 0
1088 -1 1 0
1089 -1 1 0
1090 -1 1 0
1091 -1 1 0
1092 -1 1 0
1093 -1 1 0
1094 -1 1 0
1095 -1 1 0
1096 -1 1 0
1097 -1 1 0
1098 -1 1 0
1099 -1 1 0
1100 -1 1 0
1101 -1 1 0
1102 -1 1 0
1103 -1 1 0
1104 -1 1 0
1105 -1 1 0
1106 -1 1 0
1107 -1 1 0
1108 -1 1 0
1109 -1 1 0
1110 -1 1 0
1111 -1 1 0
1112 -1 1 0
1113 -1 1 0
1114 -1 1 0
1115 -1 1 0
1116 -1 1 0
1117 -1 1 0
1118 -1 1 0
1119 -1 1 0
1120 -1 1 0
1121 -1 1 0
1122 -1 1 0
1123 -1 1 0
1124 -1 1 0
1125 -1 1 0
1126 -1 1 0
1127 -1 1 0
1128 -1 1 0
1129 -1 1 0
1130 -1 1 0
1131 -1 1 0
1132 -1 1 0
1133 -1 1 0
1134 -1 1 0
1135 -1 1 0
1136 -1 1 0
1137 -1 1 0
1138 -1 1 0
1139 -1 1 0
1140 -1 1 0
1141 -1 1 0
1142 -1 1 0
1143 -1 1 0
1144 -1 1 0
1145 -1 1 0
1146 -1 1 0
1147 -1 1 0
1148 -1 1 0
1149 -1 1 0
1150 -1 1 0
1151 -1 1 0
1152 -1 1 0
1153 -1 1 0
1154 -1 1 0
1155 -1 1 0
1156 -1 1 0
1157 -1 1 0
1158 -1 1 0
1159 -1 1 0
1160 -1 1 0
1161 -1 1 0
1162 -1 1 0
1163 -1 1 0
1164 -1 1 0
1165 -1 1 0
1166 -1 1 0
1167 -1 1 0
1168 -1 1 0
1169 -1 1 0
1170 -1 1 0
1171 -1 1 0
1172 -1 1 0
1173 -1 1 0
1174 -1 1 0
1175 -1 1 0
1176 -1 1 0
1177 -1 1 0
1178 -1 1 0
1179 -1 1 0
1180 -1 1 0
1181 -1 1 0
1182 -1 1 0
1183 -1 1 0
1184 -1 1 0
1185 -1 1 0
1186 -1 1 0
1187 -1 1 0
1188 -1 1 0
1189 -1 1 0
1190 -1 1 0
1191 -1 1 0
1192 -1 1 0
1193 -1 1 0
1194 -1 1 0
1195 -1 1 0
1196 -1 1 0
1197 -1 1 0
1198 -1 1 0
1199 -1 1 0
1200 -1 1 0
1201 -1 1 0
1202 -1 1 0
1203 -1 1 0
1204 -1 1 0
1205 -1 1 0
1206 -1 1 0
1207 -1 1 0
1208 -1 1 0
1209 -1 1 0
1210 -1 1 0
1211 -1 1 0
1212 -1 1 0
1213 -1 1 0
1214 -1 1 0
1215 -1 1 0
1216 -1 1 0
1217 -1 1 0
1218 -1 1 0
1219 -1 1 0
1220 -1 1 0
1221 -1 1 0
1222 -1 1 0
1223 -1 1 0
1224 -1 1 0
1225 -1 1 0
1226 -1 1 0
1227 -1 1 0
1228 -1 1 0
1229 -1 1 0
1230 -1 1 0
1231 -1 1 0
1232 -1 1 0
1233 -1 1 0
1234 -1 1 0
1235 -1 1 0
1236 -1 1 0
1237 -1 1 0
1238 -1 1 0
1239 -1 1 0
1240 -1 1 0
1241 -1 1 0
1242 -1 1 0
1243 -1 1 0
1244 -1 1 0
1245 -1 1 0
1246 -1 1 0
1247 -1 1 0
1248 -1 1 0
1249 -1 1 0
1250 -1 1 0
1251 -1 1 0
1252 -1 1 0
1253 -1 1 0
1254 -1 1 0
1255 -1 1 0
1256 -1 1 0
1257 -1 1 0
1258 -1 1 0
1259 -1 1 0
1260 -1 1 0
1261 -1 1 0
1262 -1 1 0
1263 -1 1 0
1264 -1 1 0
1265 -1 1 0
1266 -1 1 0
1267 -1 1 0
1268 -1 1 0
1269 -1 1 0
1270 -1 1 0
1271 -1 1 0
1272 -1 1 0
1273 -1 1 0
1274 -1 1 0
1275 -1 1 0
1276 -1 1 0
1277 -1 1 0
1278 -1 1 0
1279 -1 1 0
1280 -1 1 0
1281 -1 1 0
1282 -1 1 0
1283 -1 1 0
1284 -1 1 0
1285 -1 1 0
1286 -1 1 0
1287 -1 1 0
1288 -1 1 0
1289 -1 1 0
1290 -1 1 0
1291 -1 1 0
1292 -1 1 0
1293 -1 1 0
1294 -1 1 0
1295 -1 1 0
1296 -1 1 0
1297 -1 1 0
1298 -1 1 0
1299 -1 1 0
1300 -1 1 0
1301 -1 1 0
1302 -1 1 0
1303 -1 1 0
1304 -1 1 0
1305 -1 1 0
1306 -1 1 0
1307 -1 1 0
1308 -1 1 0
1309 -1 1 0
1310 -1 1 0
1311 -1 1 0
1312 -1 1 0
1313 -1 1 0
1314 -1 1 0
1315 -1 1 0
1316 -1 1 0
1317 -1 1 0
1318 -1 1 0
1319 -1 1 0
1320 -1 1 0
1321 -1 1 0
1322 -1 1 0
1323 -1 1 0
1324 -1 1 0
1325 -1 1 0
1326 -1 1 0
1327 -1 1 0
1328 -1 1 0
1329 -1 1 0
1330 -1 1 0
1331 -1 1 0
1332 -1 1 0
1333 -1 1 0
1334 -1 1 0
1335 -1 1 0
1336 -1 1 0
1337 -1 1 0
1338 -1 1 0
1339 -1 1 0
1340 -1 1 0
1341 -1 1 0
1342 -1 1 0
1343 -1 1 0
1344 -1 1 0
1345 -1 1 0
1346 -1 1 0
1347 -1 1 0
1348 -1 1 0
1349 -1 1 0
1350 -1 1 0
1351 -1 1 0
1352 -1 1 0
1353 -1 1 0
1354 -1 1 0
1355 -1 1 0
1356 -1 1 0
1357 -1 1 0
1358 -1 1 0
1359 -1 1 0
1360 -1 1 0
1361 -1 1 0
1362 -1 1 0
1363 -1 1 0
1364 -1 1 0
1365 -1 1 0
1366 -1 1 0
1367 -1 1 0
1368 -1 1 0
1369 -1 1 0
1370 -1 1 0
1371 -1 1 0
1372 -1 1 0
1373 -1 1 0
1374 -1 1 0
1375 -1 1 0
1376 -1 1 0
1377 -1 1 0
1378 -1 1 0
1379 -1 1 0
1380 -1 1 0
1381 -1 1 0
1382 -1 1 0
1383 -1 1 0
1384 -1 1 0
1385 -1 1 0
1386 -1 1 0
1387 -1 1 0
1388 -1 1 0
1389 -1 1 0
1390 -1 1 0
1391 -1 1 0
1392 -1 1 0
1393 -1 1 0
1394 -1 1 0
1395 -1 1 0
1396 -1 1 0
1397 -1 1 0
1398 -1 1 0
1399 -1 1 0
1400 -1 1 0
1401 -1 1 0
1402 -1 1 0
1403 -1 1 0
1404 -1 1 0
1405 -1 1 0
1406 -1 1 0
1407 -1 1 0
1408 -1 1 0
1409 -1 1 0
1410 -1 1 0
1411 -1 1 0
1412 -1 1 0
1413 -1 1 0
1414 -1 1 0
1415 -1 1 0
1416 -1 1 0
1417 -1 1 0
1418 -1 1 0
1419 -1 1 0
1420 -1 1 0
1421 -1 1 0
1422 -1 1 0
1423 -1 1 0
1424 -1 1 0
1425 -1 1 0
1426 -1 1 0
1427 -1 1 0
1428 -1 1 0
1429 -1 1 0
1430 -1 1 0
1431 -1 1 0
1432 -1 1 0
1433 -1 1 0
1434 -1 1 0
1435 -1 1 0
1436 -1 1 0
1437 -1 1 0
1438 -1 1 0
1439 -1 1 0
1440 -1 1 0
1441 -1 1 0
1442 -1 1 0
1443 -1 1 0
1444 -1 1 0
1445 -1 1 0
1446 -1 1 0
1447 -1 1 0
1448 -1 1 0
1449 -1 1 0
1450 -1 1 0
1451 -1 1 0
1452 -1 1 0
1453 -1 1 0
1454 -1 1 0
1455 -1 1 0
1456 -1 1 0
1457 -1 1 0
1458 -1 1 0
1459 -1 1 0
1460 -1 1 0
1461 -1 1 0
1462 -1 1 0
1463 -1 1 0
1464 -1 1 0
1465 -1 1 0
1466 -1 1 0
1467 -1 1 0
1468 -1 1 0
1469 -1 1 0
1470 -1 1 0
1471 -1 1 0
1472 -1 1 0
1473 -1 1 0
1474 -1 1 0
1475 -1 1 0
1476 -1 1 0
1477 -1 1 0
1478 -1 1 0
1479 -1 1 0
1480 -1 1 0
1481 -1 1 0
1482 -1 1 0
1483 -1 1 0
1484 -1 1 0
1485 -1 1 0
1486 -1 1 0
1487 -1 1 0
1488 -1 1 0
1489 -1 1 0
1490 -1 1 0
1491 -1 1 0
1492 -1 1 0
1493 -1 1 0
1494 -1 1 0
1495 -1 1 0
1496 -1 1 0
1497 -1 1 0
1498 -1 1 0
1499 -1 1 0
1500 -1 1 0
1501 -1 1 0
1502 -1 1 0
1503 -1 1 0
1504 -1 1 0
1505 -1 1 0
1506 -1 1 0
1507 -1 1 0
1508 -1 1 0
1509 -1 1 0
1510 -1 1 0
1511 -1 1 0
1512 -1 1 0
1513 -1 1 0
1514 -1 1 0
1515 -1 1 0
1516 -1 1 0
1517 -1 1 0
1518 -1 1 0
1519 -1 1 0
1520 -1 1 0
1521 -1 1 0
1522 -1 1 0
1523 -1 1 0
1524 -1 1 0
1525 -1 1 0
1526 -1 1 0
1527 -1 1 0
1528 -1 1 0
1529 -1 1 0
1530 -1 1 0
1531 -1 1 0
1532 -1 1 0
1533 -1 1 0
1534 -1 1 0
1535 -1 1 0
1536 -1 1 0
1537 -1 1 0
1538 -1 1 0
1539 -1 1 0
1540 -1 1 0
1541 -1 1 0
1542 -1 1 0
1543 -1 1 0
1544 -1 1 0
1545 -1 1 0
1546 -1 1 0
1547 -1 1 0
1548 -1 1 0
1549 -1 1 0
1550 -1 1 0
1551 -1 1 0
1552 -1 1 0
1553 -1 1 0
1554 -1 1 0
1555 -1 1 0
1556 -1 1 0
1557 -1 1 0
1558 -1 1 0
1559 -1 1 0
1560 -1 1 0
1561 -1 1 0
1562 -1 1 0
1563 -1 1 0
1564 -1 1 0
1565 -1 1 0
1566 -1 1 0
1567 -1 1 0
1568 124 0.65977 1
1569 122 0.58575 1
1570 117 0.66844 1
1571 124 0.44757 1
1572 129 0.66986 1
1573 125 0.43786 1
1574 126 0.62949 1
1575 129 0.47684 1
1576 129 0.47323 1
1577 130 0.52301 1
1578 133 0.53665 1
1579 134 0.64580 1
1580 134 0.56653 1
1581 135 0.48302 1
1582 138 0.70588 1
1583 136 0.58609 1
1584 138 0.52332 1
1585 140 0.41194 1
1586 -1 1 0
1587 142 0.43135 1
1588 143 0.32340 1
1589 -1 1 0
1590 146 0.67283 1
1591 145 0.57346 1
1592 147 0.55248 1
1593 148 0.38958 1
1594 148 0.67237 1
1595 150 0.39795 1
1596 152 0.49921 1
1597 153 0.61996 1
1598 153 0.49374 1
1599 -1 1 0
1600 155 0.37466 1
1601 156 0.43886 1
1602 157 0.49270 1
1603 -1 1 0
1604 160 0.33816 1
1605 159 0.53392 1
1606 162 0.22828 1
1607 163 0.24320 1
1608 164 0.26965 1
1609 165 0.24573 1
1610 166 0.20853 1
1611 169 0.59339 1
1612 169 0.44828 1
1613 169 0.26456 1
1614 170 0.24194 1
1615 171 0.34462 1
1616 -1 1 0
1617 174 0.34436 1
1618 175 0.28293 1
1619 176 0.32015 1
1620 177 0.25733 1
1621 178 0.27179 1
1622 -1 1 0
1623 180 0.30156 1
1624 182 0.25193 1
1625 183 0.16828 1
1626 184 0.24357 1
1627 186 0.27075 1
1628 186 0.48946 1
1629 187 0.54559 1
1630 -1 1 0
1631 193 0.69722 1
1632 193 0.45577 1
1633 194 0.52761 1
1634 196 0.41864 1
1635 -1 1 0
1636 199 0.58278 1
1637 -1 1 0
1638 206 0.75911 1
1639 -1 1 0
1640 -1 1 0
1641 -1 1 0
1642 -1 1 0
1643 -1 1 0
1644 -1 1 0
1645 -1 1 0
1646 -1 1 0
1647 -1 1 0
1648 -1 1 0
1649 -1 1 0
1650 -1 1 0
1651 -1 1 0
1652 -1 1 0
1653 -1 1 0
1654 -1 1 0
1655 -1 1 0
1656 -1 1 0
1657 -1 1 0
1658 -1 1 0
1659 -1 1 0
1660 -1 1 0
1661 -1 1 0
1662 -1 1 0
1663 -1 1 0
1664 -1 1 0
1665 -1 1 0
1666 -1 1 0
1667 -1 1 0
1668 -1 1 0
1669 -1 1 0
1670 -1 1 0
1671 -1 1 0
1672 -1 1 0
1673 -1 1 0
1674 -1 1 0
1675 -1 1 0
1676 -1 1 0
1677 -1 1 0
1678 -1 1 0
1679 -1 1 0
1680 -1 1 0
1681 -1 1 0
1682 -1 1 0
1683 -1 1 0
1684 -1 1 0
1685 -1 1 0
1686 -1 1 0
1687 -1 1 0
1688 -1 1 0
1689 -1 1 0
1690 -1 1 0
1691 -1 1 0
1692 -1 1 0
1693 -1 1 0
1694 -1 1 0
1695 -1 1 0
1696 -1 1 0
1697 -1 1 0
1698 -1 1 0
1699 -1 1 0
1700 -1 1 0
1701 -1 1 0
1702 -1 1 0
1703 -1 1 0
1704 -1 1 0
1705 -1 1 0
1706 -1 1 0
1707 -1 1 0
1708 -1 1 0
1709 -1 1 0
1710 -1 1 0
1711 -1 1 0
1712 -1 1 0
1713 -1 1 0
1714 -1 1 0
1715 -1 1 0
1716 -1 1 0
1717 -1 1 0
1718 -1 1 0
1719 -1 1 0
1720 -1 1 0
1721 -1 1 0
1722 -1 1 0
1723 -1 1 0
1724 -1 1 0
1725 -1 1 0
1726 -1 1 0
1727 -1 1 0
1728 -1 1 0
1729 -1 1 0
1730 -1 1 0
1731 -1 1 0
1732 -1 1 0
1733 -1 1 0
1734 -1 1 0
1735 -1 1 0
1736 -1 1 0
1737 -1 1 0
1738 -1 1 0
1739 -1 1 0
1740 -1 1 0
1741 -1 1 0
1742 -1 1 0
1743 -1 1 0
1744 -1 1 0
1745 -1 1 0
1746 -1 1 0
1747 -1 1 0
1748 -1 1 0
1749 -1 1 0
1750 -1 1 0
1751 -1 1 0
1752 -1 1 0
1753 -1 1 0
1754 -1 1 0
1755 -1 1 0
1756 -1 1 0
1757 -1 1 0
1758 -1 1 0
1759 -1 1 0
1760 -1 1 0
1761 -1 1 0
1762 -1 1 0
1763 -1 1 0
1764 -1 1 0
1765 -1 1 0
1766 -1 1 0
1767 -1 1 0
1768 -1 1 0
1769 -1 1 0
1770 -1 1 0
1771 -1 1 0
1772 -1 1 0
1773 -1 1 0
1774 -1 1 0
1775 -1 1 0
1776 -1 1 0
1777 -1 1 0
1778 -1 1 0
1779 -1 1 0
1780 -1 1 0
1781 -1 1 0
1782 -1 1 0
1783 -1 1 0
1784 -1 1 0
1785 -1 1 0
1786 -1 1 0
1787 -1 1 0
1788 -1 1 0
1789 -1 1 0
1790 -1 1 0
1791 -1 1 0
1792 -1 1 0
1793 -1 1 0
1794 -1 1 0
1795 -1 1 0
1796 -1 1 0
1797 -1 1 0
1798 -1 1 0
1799 -1 1 0
1800 -1 1 0
1801 -1 1 0
1802 -1 1 0
1803 -1 1 0
1804 -1 1 0
1805 -1 1 0
1806 -1 1 0
1807 -1 1 0
1808 -1 1 0
1809 -1 1 0
1810 -1 1 0
1811 -1 1 0
1812 -1 1 0
1813 -1 1 0
1814 -1 1 0
1815 -1 1 0
1816 -1 1 0
1817 -1 1 0
1818 -1 1 0
1819 -1 1 0
1820 -1 1 0
1821 -1 1 0
1822 -1 1 0
1823 -1 1 0
1824 -1 1 0
1825 -1 1 0
1826 -1 1 0
1827 -1 1 0
1828 -1 1 0
1829 -1 1 0
1830 -1 1 0
1831 -1 1 0
1832 -1 1 0
1833 -1 1 0
1834 -1 1 0
1835 -1 1 0
1836 -1 1 0
1837 -1 1 0
1838 -1 1 0
1839 -1 1 0
1840 -1 1 0
1841 -1 1 0
1842 -1 1 0
1843 -1 1 0
1844 -1 1 0
1845 -1 1 0
1846 -1 1 0
1847 -1 1 0
1848 -1 1 0
1849 -1 1 0
1850 -1 1 0
1851 -1 1 0
1852 -1 1 0
1853 -1 1 0
1854 -1 1 0
1855 -1 1 0
1856 -1 1 0
1857 -1 1 0
1858 -1 1 0
1859 -1 1 0
1860 -1 1 0
1861 -1 1 0
1862 -1 1 0
1863 -1 1 0
1864 -1 1 0
1865 -1 1 0
1866 -1 1 0
1867 -1 1 0
1868 -1 1 0
1869 -1 1 0
1870 -1 1 0
1871 -1 1 0
1872 -1 1 0
1873 -1 1 0
1874 -1 1 0
1875 -1 1 0
1876 -1 1 0
1877 -1 1 0
1878 -1 1 0
1879 -1 1 0
1880 -1 1 0
1881 -1 1 0
1882 -1 1 0
1883 -1 1 0
1884 -1 1 0
1885 -1 1 0
1886 -1 1 0
1887 -1 1 0
1888 -1 1 0
1889 -1 1 0
1890 -1 1 0
1891 -1 1 0
1892 -1 1 0
1893 -1 1 0
1894 -1 1 0
1895 -1 1 0
1896 -1 1 0
1897 -1 1 0
1898 -1 1 0
1899 -1 1 0
1900 -1 1 0
1901 -1 1 0
1902 -1 1 0
1903 -1 1 0
1904 -1 1 0
1905 -1 1 0
1906 -1 1 0
1907 -1 1 0
1908 -1 1 0
1909 -1 1 0
1910 -1 1 0
1911 -1 1 0
1912 -1 1 0
1913 -1 1 0
1914 -1 1 0
1915 -1 1 0
1916 -1 1 0
1917 -1 1 0
1918 -1 1 0
1919 -1 1 0
1920 -1 1 0
1921 -1 1 0
1922 -1 1 0
1923 -1 1 0
1924 -1 1 0
1925 -1 1 0
1926 -1 1 0
1927 -1 1 0
1928 -1 1 0
1929 -1 1 0
1930 -1 1 0
1931 -1 1 0
1932 -1 1 0
1933 -1 1 0
1934 -1 1 0
1935 -1 1 0
1936 -1 1 0
1937 -1 1 0
1938 -1 1 0
1939 -1 1 0
1940 -1 1 0
1941 -1 1 0
1942 -1 1 0
1943 -1 1 0
1944 -1 1 0
1945 -1 1 0
1946 -1 1 0
1947 -1 1 0
1948 -1 1 0
1949 -1 1 0
1950 -1 1 0
1951 -1 1 0
1952 -1 1 0
1953 -1 1 0
1954 -1 1 0
1955 -1 1 0
1956 -1 1 0
1957 -1 1 0
1958 -1 1 0
1959 -1 1 0
1960 -1 1 0
1961 -1 1 0
1962 -1 1 0
1963 -1 1 0
1964 -1 1 0
1965 -1 1 0
1966 -1 1 0
1967 -1 1 0
1968 -1 1 0
1969 -1 1 0
1970 -1 1 0
1971 -1 1 0
1972 -1 1 0
1973 -1 1 0
1974 -1 1 0
1975 -1 1 0
1976 -1 1 0
1977 -1 1 0
1978 -1 1 0
1979 -1 1 0
1980 -1 1 0
1981 -1 1 0
1982 -1 1 0
1983 -1 1 0
1984 -1 1 0
1985 -1 1 0
1986 -1 1 0
1987 -1 1 0
1988 -1 1 0
1989 -1 1 0
1990 -1 1 0
1991 -1 1 0
1992 -1 1 0
1993 -1 1 0
1994 -1 1 0
1995 -1 1 0
1996 -1 1 0
1997 -1 1 0
1998 -1 1 0
1999 -1 1 0
2000 -1 1 0
2001 -1 1 0
2002 -1 1 0
2003 -1 1 0
2004 -1 1 0
2005 -1 1 0
2006 -1 1 0
2007 -1 1 0
2008 -1 1 0
2009 -1 1 0
2010 -1 1 0
2011 -1 1 0
2012 -1 1 0
2013 -1 1 0
2014 -1 1 0
2015 -1 1 0
2016 -1 1 0
2017 -1 1 0
2018 -1 1 0
2019 -1 1 0
2020 -1 1 0
2021 -1 1 0
2022 -1 1 0
2023 -1 1 0
2024 -1 1 0
2025 -1 1 0
2026 -1 1 0
2027 -1 1 0
2028 -1 1 0
2029 -1 1 0
2030 -1 1 0
2031 -1 1 0
2032 -1 1 0
2033 -1 1 0
2034 -1 1 0
2035 -1 1 0
2036 -1 1 0
2037 -1 1 0
2038 -1 1 0
2039 -1 1 0
2040 -1 1 0
2041 -1 1 0
2042 -1 1 0
2043 -1 1 0
2044 -1 1 0
2045 -1 1 0
2046 -1 1 0
2047 -1 1 0
2048 -1 1 0
2049 -1 1 0
2050 -1 1 0
2051 -1 1 0
2052 -1 1 0
2053 -1 1 0
2054 -1 1 0
2055 -1 1 0
2056 -1 1 0
2057 -1 1 0
2058 -1 1 0
2059 -1 1 0
2060 -1 1 0
2061 -1 1 0
2062 -1 1 0
2063 -1 1 0
2064 -1 1 0
2065 -1 1 0
2066 -1 1 0
2067 -1 1 0
2068 -1 1 0
2069 -1 1 0
2070 -1 1 0
2071 -1 1 0
2072 -1 1 0
2073 -1 1 0
2074 -1 1 0
2075 -1 1 0
2076 -1 1 0
2077 -1 1 0
2078 -1 1 0
2079 -1 1 0
2080 -1 1 0
2081 -1 1 0
2082 -1 1 0
2083 -1 1 0
2084 -1 1 0
2085 -1 1 0
2086 -1 1 0
2087 -1 1 0
2088 -1 1 0
2089 -1 1 0
2090 -1 1 0
2091 -1 1 0
2092 -1 1 0
2093 -1 1 0
2094 -1 1 0
2095 -1 1 0
2096 -1 1 0
2097 -1 1 0
2098 -1 1 0
2099 -1 1 0
2100 -1 1 0
2101 -1 1 0
2102 -1 1 0
2103 -1 1 0
2104 -1 1 0
2105 -1 1 0
2106 -1 1 0
2107 -1 1 0
2108 -1 1 0
2109 -1 1 0
2110 -1 1 0
2111 -1 1 0
2112 -1 1 0
2113 -1 1 0
2114 -1 1 0
2115 -1 1 0
2116 -1 1 0
2117 -1 1 0
2118 -1 1 0
2119 -1 1 0
2120 -1 1 0
2121 -1 1 0
2122 -1 1 0
2123 -1 1 0
2124 -1 1 0
2125 -1 1 0
2126 -1 1 0
2127 -1 1 0
2128 -1 1 0
2129 -1 1 0
2130 -1 1 0
2131 -1 1 0
2132 -1 1 0
2133 -1 1 0
2134 -1 1 0
2135 -1 1 0
2136 -1 1 0
2137 -1 1 0
2138 -1 1 0
2139 -1 1 0
2140 -1 1 0
2141 -1 1 0
2142 -1 1 0
2143 -1 1 0
2144 -1 1 0
2145 -1 1 0
2146 -1 1 0
2147 -1 1 0
2148 -1 1 0
2149 -1 1 0
2150 -1 1 0
2151 -1 1 0
2152 -1 1 0
2153 -1 1 0
2154 -1 1 0
2155 -1 1 0
2156 -1 1 0
2157 -1 1 0
2158 -1 1 0
2159 -1 1 0
2160 -1 1 0
2161 -1 1 0
2162 -1 1 0
2163 -1 1 0
2164 -1 1 0
2165 -1 1 0
2166 -1 1 0
2167 -1 1 0
2168 -1 1 0
2169 -1 1 0
2170 -1 1 0
2171 -1 1 0
2172 -1 1 0
2173 -1 1 0
2174 -1 1 0
2175 -1 1 0
2176 -1 1 0
2177 -1 1 0
2178 -1 1 0
2179 -1 1 0
2180 -1 1 0
2181 -1 1 0
2182 -1 1 0
2183 -1 1 0
2184 -1 1 0
2185 -1 1 0
2186 -1 1 0
2187 -1 1 0
2188 -1 1 0
2189 -1 1 0
2190 -1 1 0
2191 -1 1 0
2192 -1 1 0
2193 -1 1 0
2194 -1 1 0
2195 -1 1 0
2196 -1 1 0
2197 -1 1 0
2198 -1 1 0
2199 -1 1 0
2200 -1 1 0
2201 -1 1 0
2202 -1 1 0
2203 -1 1 0
2204 -1 1 0
2205 -1 1 0
2206 -1 1 0
2207 -1 1 0
2208 -1 1 0
2209 -1 1 0
2210 -1 1 0
2211 -1 1 0
2212 -1 1 0
2213 -1 1 0
2214 -1 1 0
2215 -1 1 0
2216 -1 1 0
2217 -1 1 0
2218 -1 1 0
2219 -1 1 0
2220 -1 1 0
2221 -1 1 0
2222 -1 1 0
2223 -1 1 0
2224 -1 1 0
2225 -1 1 0
2226 -1 1 0
2227 -1 1 0
2228 -1 1 0
2229 -1 1 0
2230 -1 1 0
2231 -1 1 0
2232 -1 1 0
2233 -1 1 0
2234 -1 1 0
2235 -1 1 0
2236 -1 1 0
2237 -1 1 0
2238 -1 1 0
2239 -1 1 0
2240 -1 1 0
2241 -1 1 0
2242 -1 1 0
2243 -1 1 0
2244 -1 1 0
2245 -1 1 0
2246 -1 1 0
2247 -1 1 0
2248 -1 1 0
2249 -1 1 0
2250 -1 1 0
2251 -1 1 0
2252 -1 1 0
2253 -1 1 0
2254 -1 1 0
2255 -1 1 0
2256 -1 1 0
2257 -1 1 0
2258 -1 1 0
2259 -1 1 0
2260 -1 1 0
2261 -1 1 0
2262 -1 1 0
2263 -1 1 0
2264 -1 1 0
2265 -1 1 0
2266 -1 1 0
2267 -1 1 0
2268 -1 1 0
2269 -1 1 0
2270 -1 1 0
2271 -1 1 0
2272 -1 1 0
2273 -1 1 0
2274 -1 1 0
2275 -1 1 0
2276 -1 1 0
2277 -1 1 0
2278 -1 1 0
2279 -1 1 0
2280 -1 1 0
2281 -1 1 0
2282 -1 1 0
2283 -1 1 0
2284 -1 1 0
2285 -1 1 0
2286 -1 1 0
2287 -1 1 0
2288 -1 1 0
2289 -1 1 0
2290 -1 1 0
2291 -1 1 0
2292 -1 1 0
2293 -1 1 0
2294 -1 1 0
2295 -1 1 0
2296 -1 1 0
2297 -1 1 0
2298 -1 1 0
2299 -1 1 0
2300 -1 1 0
2301 -1 1 0
2302 -1 1 0
2303 -1 1 0
2304 -1 1 0
2305 -1 1 0
2306 -1 1 0
2307 -1 1 0
2308 -1 1 0
2309 -1 1 0
2310 -1 1 0
2311 -1 1 0
2312 -1 1 0
2313 -1 1 0
2314 -1 1 0
2315 -1 1 0
2316 -1 1 0
2317 -1 1 0
2318 -1 1 0
2319 -1 1 0
2320 -1 1 0
2321 -1 1 0
2322 -1 1 0
2323 -1 1 0
2324 -1 1 0
2325 -1 1 0
2326 -1 1 0
2327 -1 1 0
2328 -1 1 0
2329 -1 1 0
2330 -1 1 0
2331 -1 1 0
2332 -1 1 0
2333 -1 1 0
2334 -1 1 0
2335 -1 1 0
2336 -1 1 0
2337 -1 1 0
2338 -1 1 0
2339 -1 1 0
2340 -1 1 0
2341 -1 1 0
2342 -1 1 0
2343 -1 1 0
2344 -1 1 0
2345 -1 1 0
2346 -1 1 0
2347 -1 1 0
2348 -1 1 0
2349 -1 1 0
2350 -1 1 0
2351 -1 1 0
2352 -1 1 0
2353 -1 1 0
2354 -1 1 0
2355 -1 1 0
2356 -1 1 0
2357 -1 1 0
2358 -1 1 0
2359 -1 1 0
2360 -1 1 0
2361 -1 1 0
2362 -1 1 0
2363 -1 1 0
2364 -1 1 0
2365 -1 1 0
2366 -1 1 0
2367 -1 1 0
2368 -1 1 0
2369 -1 1 0
2370 -1 1 0
2371 -1 1 0
2372 -1 1 0
2373 -1 1 0
2374 -1 1 0
2375 -1 1 0
2376 -1 1 0
2377 -1 1 0
2378 -1 1 0
2379 -1 1 0
2380 -1 1 0
2381 -1 1 0
2382 -1 1 0
2383 -1 1 0
2384 -1 1 0
2385 -1 1 0
2386 -1 1 0
2387 -1 1 0
2388 -1 1 0
2389 -1 1 0
2390 -1 1 0
2391 -1 1 0
2392 -1 1 0
2393 -1 1 0
2394 -1 1 0
2395 -1 1 0
2396 -1 1 0
2397 -1 1 0
2398 -1 1 0
2399 -1 1 0
2400 -1 1 0
2401 -1 1 0
2402 -1 1 0
2403 -1 1 0
2404 -1 1 0
2405 -1 1 0
2406 -1 1 0
2407 -1 1 0
2408 -1 1 0
2409 -1 1 0
2410 -1 1 0
2411 -1 1 0
2412 -1 1 0
2413 -1 1 0
2414 -1 1 0
2415 -1 1 0
2416 -1 1 0
2417 -1 1 0
2418 -1 1 0
2419 -1 1 0
2420 -1 1 0
2421 -1 1 0
2422 -1 1 0
2423 -1 1 0
2424 -1 1 0
2425 -1 1 0
2426 -1 1 0
2427 -1 1 0
2428 -1 1 0
2429 -1 1 0
2430 -1 1 0
2431 -1 1 0
2432 -1 1 0
2433 -1 1 0
2434 -1 1 0
2435 -1 1 0
2436 -1 1 0
2437 -1 1 0
2438 383 0.58756 1
2439 -1 1 0
2440 -1 1 0
2441 -1 1 0
2442 -1 1 0
2443 -1 1 0
2444 390 0.39229 1
2445 -1 1 0
2446 -1 1 0
2447 394 0.28289 1
2448 395 0.26117 1
2449 395 0.34551 1
2450 398 0.29197 1
2451 398 0.20503 1
2452 -1 1 0
2453 399 0.40310 1
2454 402 0.30588 1
2455 402 0.25952 1
2456 404 0.27679 1
2457 404 0.29935 1
2458 408 0.30660 1
2459 408 0.21280 1
2460 409 0.28836 1
2461 411 0.20755 1
2462 413 0.20790 1
2463 416 0.32151 1
2464 417 0.34910 1
2465 418 0.41123 1
2466 417 0.44792 1
2467 416 0.49631 1
2468 415 0.60521 0
2469 -1 1 0
2470 -1 1 0
2471 -1 1 0
2472 -1 1 0
2473 -1 1 0
2474 -1 1 0
2475 -1 1 0
2476 -1 1 0
2477 -1 1 0
2478 -1 1 0
2479 -1 1 0
2480 -1 1 0
2481 -1 1 0
2482 -1 1 0
2483 -1 1 0
2484 -1 1 0
2485 -1 1 0
2486 -1 1 0
2487 -1 1 0
2488 -1 1 0
2489 -1 1 0
2490 -1 1 0
2491 -1 1 0
2492 -1 1 0
2493 -1 1 0
2494 -1 1 0
2495 -1 1 0
2496 -1 1 0
2497 -1 1 0
2498 -1 1 0
2499 -1 1 0
2500 -1 1 0
2501 -1 1 0
2502 -1 1 0
2503 -1 1 0
2504 -1 1 0
2505 -1 1 0
2506 -1 1 0
2507 -1 1 0
2508 -1 1 0
2509 -1 1 0
2510 -1 1 0
2511 -1 1 0
2512 -1 1 0
2513 -1 1 0
2514 -1 1 0
2515 -1 1 0
2516 -1 1 0
2517 -1 1 0
2518 -1 1 0
2519 -1 1 0
2520 -1 1 0
2521 -1 1 0
2522 -1 1 0
2523 -1 1 0
2524 -1 1 0
2525 -1 1 0
2526 -1 1 0
2527 -1 1 0
2528 -1 1 0
2529 -1 1 0
2530 -1 1 0
2531 -1 1 0
2532 -1 1 0
2533 -1 1 0
2534 -1 1 0
2535 -1 1 0
2536 -1 1 0
2537 -1 1 0
2538 -1 1 0
2539 -1 1 0
2540 -1 1 0
2541 -1 1 0
2542 -1 1 0
2543 -1 1 0
2544 -1 1 0
2545 -1 1 0
2546 -1 1 0
2547 -1 1 0
2548 -1 1 0
2549 -1 1 0
2550 -1 1 0
2551 -1 1 0
2552 -1 1 0
2553 -1 1 0
2554 -1 1 0
2555 -1 1 0
2556 -1 1 0
2557 -1 1 0
2558 -1 1 0
2559 -1 1 0
2560 -1 1 0
2561 -1 1 0
2562 -1 1 0
2563 -1 1 0
2564 -1 1 0
2565 -1 1 0
2566 -1 1 0
2567 -1 1 0
2568 -1 1 0
2569 -1 1 0
2570 -1 1 0
2571 -1 1 0
2572 -1 1 0
2573 -1 1 0
2574 -1 1 0
2575 -1 1 0
2576 -1 1 0
2577 -1 1 0
2578 -1 1 0
2579 -1 1 0
2580 -1 1 0
2581 -1 1 0
2582 -1 1 0
2583 -1 1 0
2584 -1 1 0
2585 -1 1 0
2586 -1 1 0
2587 -1 1 0
2588 -1 1 0
2589 -1 1 0
2590 -1 1 0
2591 -1 1 0
2592 -1 1 0
2593 -1 1 0
2594 -1 1 0
2595 -1 1 0
2596 -1 1 0
2597 -1 1 0
2598 -1 1 0
2599 -1 1 0
2600 -1 1 0
2601 -1 1 0
2602 -1 1 0
2603 -1 1 0
2604 -1 1 0
2605 -1 1 0
2606 -1 1 0
2607 -1 1 0
2608 -1 1 0
2609 -1 1 0
2610 -1 1 0
2611 -1 1 0
2612 -1 1 0
2613 -1 1 0
2614 -1 1 0
2615 -1 1 0
2616 -1 1 0
2617 -1 1 0
2618 -1 1 0
2619 -1 1 0
2620 -1 1 0
2621 -1 1 0
2622 -1 1 0
2623 -1 1 0
2624 -1 1 0
2625 -1 1 0
2626 -1 1 0
2627 -1 1 0
2628 -1 1 0
2629 -1 1 0
2630 -1 1 0
2631 -1 1 0
2632 -1 1 0
2633 -1 1 0
2634 -1 1 0
2635 -1 1 0
2636 -1 1 0
2637 -1 1 0
2638 -1 1 0
2639 -1 1 0
2640 -1 1 0
2641 -1 1 0
2642 -1 1 0
2643 -1 1 0
2644 -1 1 0
2645 -1 1 0
2646 -1 1 0
2647 -1 1 0
2648 -1 1 0
2649 -1 1 0
2650 -1 1 0
2651 -1 1 0
2652 -1 1 0
2653 -1 1 0
2654 -1 1 0
2655 -1 1 0
2656 -1 1 0
2657 -1 1 0
2658 -1 1 0
2659 -1 1 0
2660 -1 1 0
2661 -1 1 0
2662 -1 1 0
2663 -1 1 0
2664 -1 1 0
2665 -1 1 0
2666 -1 1 0
2667 -1 1 0
2668 -1 1 0
2669 -1 1 0
2670 -1 1 0
2671 -1 1 0
2672 -1 1 0
2673 -1 1 0
2674 -1 1 0
2675 -1 1 0
2676 -1 1 0
2677 -1 1 0
2678 -1 1 0
2679 -1 1 0
2680 -1 1 0
2681 -1 1 0
2682 -1 1 0
2683 -1 1 0
2684 -1 1 0
2685 -1 1 0
2686 -1 1 0
2687 -1 1 0
2688 -1 1 0
2689 -1 1 0
2690 -1 1 0
2691 -1 1 0
2692 -1 1 0
2693 -1 1 0
2694 -1 1 0
2695 -1 1 0
2696 -1 1 0
2697 -1 1 0
2698 -1 1 0
2699 -1 1 0
2700 -1 1 0
2701 -1 1 0
2702 -1 1 0
2703 -1 1 0
2704 -1 1 0
2705 -1 1 0
2706 -1 1 0
2707 -1 1 0
2708 -1 1 0
2709 -1 1 0
2710 -1 1 0
2711 -1 1 0
2712 -1 1 0
2713 -1 1 0
2714 -1 1 0
2715 -1 1 0
2716 -1 1 0
2717 -1 1 0
2718 -1 1 0
2719 -1 1 0
2720 -1 1 0
2721 -1 1 0
2722 -1 1 0
2723 -1 1 0
2724 -1 1 0
2725 -1 1 0
2726 -1 1 0
2727 -1 1 0
2728 -1 1 0
2729 -1 1 0
2730 -1 1 0
2731 -1 1 0
2732 -1 1 0
2733 -1 1 0
2734 -1 1 0
2735 -1 1 0
2736 -1 1 0
2737 -1 1 0
2738 -1 1 0
2739 -1 1 0
2740 -1 1 0
2741 -1 1 0
2742 -1 1 0
2743 -1 1 0
2744 -1 1 0
2745 -1 1 0
2746 -1 1 0
2747 -1 1 0
2748 -1 1 0
2749 -1 1 0
2750 -1 1 0
2751 -1 1 0
2752 -1 1 0
2753 -1 1 0
2754 -1 1 0
2755 -1 1 0
2756 -1 1 0
2757 -1 1 0
2758 -1 1 0
2759 -1 1 0
2760 -1 1 0
2761 -1 1 0
2762 -1 1 0
2763 -1 1 0
2764 -1 1 0
2765 -1 1 0
2766 -1 1 0
2767 -1 1 0
2768 -1 1 0
2769 -1 1 0
2770 -1 1 0
2771 -1 1 0
2772 -1 1 0
2773 -1 1 0
2774 -1 1 0
2775 -1 1 0
2776 -1 1 0
2777 -1 1 0
2778 -1 1 0
2779 -1 1 0
2780 -1 1 0
2781 -1 1 0
2782 -1 1 0
2783 -1 1 0
2784 -1 1 0
2785 -1 1 0
2786 -1 1 0
2787 -1 1 0
2788 -1 1 0
2789 -1 1 0
2790 -1 1 0
2791 -1 1 0
2792 -1 1 0
2793 -1 1 0
2794 -1 1 0
2795 -1 1 0
2796 -1 1 0
2797 -1 1 0
2798 -1 1 0
2799 -1 1 0
2800 -1 1 0
2801 -1 1 0
2802 -1 1 0
2803 -1 1 0
2804 -1 1 0
2805 -1 1 0
2806 -1 1 0
2807 -1 1 0
2808 -1 1 0
2809 -1 1 0
2810 -1 1 0
2811 -1 1 0
2812 -1 1 0
2813 -1 1 0
2814 -1 1 0
2815 -1 1 0
2816 -1 1 0
2817 -1 1 0
2818 -1 1 0
2819 -1 1 0
2820 -1 1 0
2821 -1 1 0
2822 -1 1 0
2823 -1 1 0
2824 -1 1 0
2825 -1 1 0
2826 -1 1 0
2827 -1 1 0
2828 -1 1 0
2829 -1 1 0
2830 -1 1 0
2831 -1 1 0
2832 -1 1 0
2833 -1 1 0
2834 -1 1 0
2835 -1 1 0
2836 -1 1 0
2837 -1 1 0
2838 -1 1 0
2839 -1 1 0
2840 -1 1 0
2841 -1 1 0
2842 -1 1 0
2843 -1 1 0
2844 -1 1 0
2845 -1 1 0
2846 -1 1 0
2847 -1 1 0
2848 -1 1 0
2849 -1 1 0
2850 -1 1 0
2851 -1 1 0
2852 -1 1 0
2853 -1 1 0
2854 -1 1 0
2855 -1 1 0
2856 -1 1 0
2857 -1 1 0
2858 -1 1 0
2859 -1 1 0
2860 -1 1 0
2861 -1 1 0
2862 -1 1 0
2863 -1 1 0
2864 -1 1 0
2865 -1 1 0
2866 -1 1 0
2867 -1 1 0
2868 -1 1 0
2869 -1 1 0
2870 -1 1 0
2871 -1 1 0
2872 -1 1 0
2873 -1 1 0
2874 -1 1 0
2875 -1 1 0
2876 -1 1 0
2877 -1 1 0
2878 -1 1 0
2879 -1 1 0
2880 -1 1 0
2881 -1 1 0
2882 -1 1 0
2883 -1 1 0
2884 -1 1 0
2885 -1 1 0
2886 -1 1 0
2887 -1 1 0
2888 -1 1 0
2889 -1 1 0
2890 -1 1 0
2891 -1 1 0
2892 -1 1 0
2893 -1 1 0
2894 -1 1 0
2895 -1 1 0
2896 -1 1 0
2897 -1 1 0
2898 -1 1 0
2899 -1 1 0
2900 -1 1 0
2901 -1 1 0
2902 -1 1 0
2903 -1 1 0
2904 -1 1 0
2905 -1 1 0
2906 -1 1 0
2907 -1 1 0
2908 -1 1 0
2909 -1 1 0
2910 -1 1 0
2911 -1 1 0
2912 -1 1 0
2913 -1 1 0
2914 -1 1 0
2915 -1 1 0
2916 -1 1 0
2917 -1 1 0
2918 -1 1 0
2919 -1 1 0
2920 -1 1 0
2921 -1 1 0
2922 -1 1 0
2923 -1 1 0
2924 -1 1 0
2925 -1 1 0
2926 -1 1 0
2927 -1 1 0
2928 -1 1 0
2929 -1 1 0
2930 -1 1 0
2931 -1 1 0
2932 -1 1 0
2933 -1 1 0
2934 -1 1 0
2935 -1 1 0
2936 -1 1 0
2937 -1 1 0
2938 -1 1 0
2939 -1 1 0
2940 -1 1 0
2941 -1 1 0
2942 -1 1 0
2943 -1 1 0
2944 -1 1 0
2945 -1 1 0
2946 -1 1 0
2947 -1 1 0
2948 -1 1 0
2949 -1 1 0
2950 -1 1 0
2951 -1 1 0
2952 -1 1 0
2953 -1 1 0
2954 -1 1 0
2955 -1 1 0
2956 -1 1 0
2957 -1 1 0
2958 -1 1 0
2959 -1 1 0
2960 -1 1 0
2961 -1 1 0
2962 -1 1 0
2963 -1 1 0
2964 -1 1 0
2965 -1 1 0
2966 -1 1 0
2967 -1 1 0
2968 -1 1 0
2969 -1 1 0
2970 -1 1 0
2971 -1 1 0
2972 -1 1 0
2973 -1 1 0
2974 -1 1 0
2975 -1 1 0
2976 -1 1 0
2977 -1 1 0
2978 -1 1 0
2979 -1 1 0
2980 -1 1 0
2981 -1 1 0
2982 -1 1 0
2983 -1 1 0
2984 -1 1 0
2985 -1 1 0
2986 -1 1 0
2987 -1 1 0
2988 -1 1 0
2989 -1 1 0
2990 -1 1 0
2991 -1 1 0
2992 -1 1 0
2993 -1 1 0
2994 -1 1 0
2995 -1 1 0
2996 -1 1 0
2997 -1 1 0
2998 -1 1 0
2999 -1 1 0
3000 -1 1 0
3001 -1 1 0
3002 -1 1 0
3003 -1 1 0
3004 -1 1 0
3005 -1 1 0
3006 -1 1 0
3007 -1 1 0
3008 -1 1 0
3009 -1 1 0
3010 -1 1 0
3011 -1 1 0
3012 -1 1 0
3013 -1 1 0
3014 -1 1 0
3015 -1 1 0
3016 -1 1 0
3017 -1 1 0
3018 -1 1 0
3019 -1 1 0
3020 -1 1 0
3021 -1 1 0
3022 -1 1 0
3023 -1 1 0
3024 -1 1 0
3025 -1 1 0
3026 -1 1 0
3027 -1 1 0
3028 -1 1 0
3029 -1 1 0
3030 -1 1 0
3031 -1 1 0
3032 -1 1 0
3033 -1 1 0
3034 -1 1 0
3035 -1 1 0
3036 -1 1 0
3037 -1 1 0
3038 -1 1 0
3039 -1 1 0
3040 -1 1 0
3041 -1 1 0
3042 -1 1 0
3043 -1 1 0
3044 -1 1 0
3045 -1 1 0
3046 -1 1 0
3047 -1 1 0
3048 -1 1 0
3049 -1 1 0
3050 -1 1 0
3051 -1 1 0
3052 -1 1 0
3053 -1 1 0
3054 -1 1 0
3055 -1 1 0
3056 -1 1 0
3057 -1 1 0
3058 -1 1 0
3059 -1 1 0
3060 -1 1 0
3061 -1 1 0
3062 -1 1 0
3063 -1 1 0
3064 -1 1 0
3065 -1 1 0
3066 -1 1 0
3067 -1 1 0
3068 -1 1 0
3069 -1 1 0
3070 -1 1 0
3071 -1 1 0
3072 -1 1 0
3073 -1 1 0
3074 -1 1 0
3075 -1 1 0
3076 -1 1 0
3077 -1 1 0
3078 -1 1 0
3079 -1 1 0
3080 -1 1 0
3081 -1 1 0
3082 -1 1 0
3083 -1 1 0
3084 -1 1 0
3085 -1 1 0
3086 -1 1 0
3087 -1 1 0
3088 -1 1 0
3089 -1 1 0
3090 -1 1 0
3091 -1 1 0
3092 -1 1 0
3093 -1 1 0
3094 -1 1 0
3095 -1 1 0
3096 -1 1 0
3097 -1 1 0
3098 -1 1 0
3099 -1 1 0
3100 -1 1 0
3101 -1 1 0
3102 -1 1 0
3103 -1 1 0
3104 -1 1 0
3105 -1 1 0
3106 -1 1 0
3107 -1 1 0
3108 -1 1 0
3109 -1 1 0
3110 -1 1 0
3111 -1 1 0
3112 -1 1 0
3113 -1 1 0
3114 -1 1 0
3115 -1 1 0
3116 -1 1 0
3117 -1 1 0
3118 -1 1 0
3119 -1 1 0
3120 -1 1 0
3121 -1 1 0
3122 -1 1 0
3123 -1 1 0
3124 -1 1 0
3125 -1 1 0
3126 -1 1 0
3127 -1 1 0
3128 -1 1 0
3129 -1 1 0
3130 -1 1 0
3131 -1 1 0
3132 -1 1 0
3133 -1 1 0
3134 -1 1 0
3135 -1 1 0
3136 -1 1 0
3137 -1 1 0
3138 -1 1 0
3139 -1 1 0
3140 -1 1 0
3141 -1 1 0
3142 -1 1 0
3143 -1 1 0
3144 -1 1 0
3145 -1 1 0
3146 -1 1 0
3147 -1 1 0
3148 -1 1 0
3149 -1 1 0
3150 -1 1 0
3151 -1 1 0
3152 -1 1 0
3153 -1 1 0
3154 -1 1 0
3155 -1 1 0
3156 -1 1 0
3157 -1 1 0
3158 -1 1 0
3159 -1 1 0
3160 -1 1 0
3161 -1 1 0
3162 -1 1 0
3163 -1 1 0
3164 -1 1 0
3165 -1 1 0
3166 -1 1 0
3167 -1 1 0
3168 -1 1 0
3169 -1 1 0
3170 -1 1 0
3171 -1 1 0
3172 -1 1 0
3173 -1 1 0
3174 -1 1 0
3175 -1 1 0
3176 -1 1 0
3177 -1 1 0
3178 -1 1 0
3179 -1 1 0
3180 -1 1 0
3181 -1 1 0
3182 -1 1 0
3183 -1 1 0
3184 -1 1 0
3185 -1 1 0
3186 -1 1 0
3187 -1 1 0
3188 -1 1 0
3189 -1 1 0
3190 -1 1 0
3191 -1 1 0
3192 -1 1 0
3193 -1 1 0
3194 -1 1 0
3195 -1 1 0
3196 -1 1 0
3197 -1 1 0
3198 -1 1 0
3199 -1 1 0
3200 -1 1 0
3201 -1 1 0
3202 -1 1 0
3203 -1 1 0
3204 -1 1 0
3205 -1 1 0
3206 -1 1 0
3207 -1 1 0
3208 -1 1 0
3209 -1 1 0
3210 -1 1 0
3211 -1 1 0
3212 -1 1 0
3213 -1 1 0
3214 -1 1 0
3215 -1 1 0
3216 -1 1 0
3217 -1 1 0
3218 -1 1 0
3219 -1 1 0
3220 -1 1 0
3221 -1 1 0
3222 -1 1 0
3223 -1 1 0
3224 -1 1 0
3225 -1 1 0
3226 -1 1 0
3227 -1 1 0
3228 -1 1 0
3229 -1 1 0
3230 -1 1 0
3231 -1 1 0
3232 -1 1 0
3233 -1 1 0
3234 -1 1 0
3235 -1 1 0
3236 -1 1 0
3237 -1 1 0
3238 -1 1 0
3239 -1 1 0
3240 -1 1 0
3241 -1 1 0
3242 -1 1 0
3243 -1 1 0
3244 -1 1 0
3245 -1 1 0
3246 -1 1 0
3247 -1 1 0
3248 -1 1 0
3249 -1 1 0
3250 -1 1 0
3251 -1 1 0
3252 -1 1 0
3253 -1 1 0
3254 -1 1 0
3255 -1 1 0
3256 -1 1 0
3257 -1 1 0
3258 -1 1 0
3259 -1 1 0
3260 -1 1 0
3261 -1 1 0
3262 -1 1 0
3263 -1 1 0
3264 -1 1 0
3265 -1 1 0
3266 -1 1 0
3267 -1 1 0
3268 -1 1 0
3269 -1 1 0
3270 -1 1 0
3271 -1 1 0
3272 -1 1 0
3273 -1 1 0
3274 -1 1 0
3275 -1 1 0
3276 -1 1 0
3277 -1 1 0
3278 -1 1 0
3279 -1 1 0
3280 -1 1 0
3281 -1 1 0
3282 -1 1 0
3283 -1 1 0
3284 -1 1 0
3285 -1 1 0
3286 -1 1 0
3287 -1 1 0
3288 -1 1 0
3289 -1 1 0
3290 2350 0.43349 1
3291 -1 1 0
3292 2352 0.30947 1
3293 -1 1 0
3294 -1 1 0
3295 -1 1 0
3296 -1 1 0
3297 2356 0.16283 1
3298 2357 0.22828 1
3299 -1 1 0
3300 -1 1 0
3301 2359 0.18830 1
3302 2359 0.27096 1
3303 -1 1 0
3304 2360 0.28780 1
3305 2362 0.23124 1
3306 2363 0.27482 1
3307 -1 1 0
3308 -1 1 0
3309 -1 1 0
3310 2367 0.37227 1
3311 2367 0.37519 1
3312 2368 0.31057 1
3313 2369 0.33506 1
3314 2370 0.26467 1
3315 2371 0.35723 1
3316 2372 0.30365 1
3317 2373 0.29530 1
3318 2374 0.33609 1
3319 2374 0.42113 1
3320 2376 0.27444 1
3321 2377 0.34277 1
3322 2377 0.40883 1
3323 2377 0.45084 1
3324 2380 0.31768 1
3325 2379 0.53608 1
3326 2382 0.24150 1
3327 2383 0.30000 1
3328 2384 0.30668 1
3329 2385 0.32997 1
3330 2386 0.25532 1
3331 2386 0.47384 1
3332 2388 0.28103 1
3333 2389 0.32540 1
3334 2389 0.47006 1
3335 2390 0.38954 1
3336 2392 0.36754 1
3337 2393 0.34222 1
3338 2394 0.37780 1
3339 2395 0.39303 1
3340 2396 0.38623 1
3341 2397 0.34783 1
3342 2399 0.65495 1
3343 2398 0.59081 1
3344 2401 0.69890 1
3345 2401 0.47648 1
3346 2403 0.70767 1
3347 2403 0.50184 1
3348 2403 0.62621 1
3349 2405 0.43413 1
3350 2403 0.81865 1
3351 2407 0.44523 1
3352 2407 0.62015 1
3353 2409 0.39258 1
3354 2411 0.61508 1
3355 2411 0.40997 1
3356 2412 0.43201 1
3357 2413 0.52055 1
3358 2414 0.34659 1
3359 2411 0.81029 1
3360 2416 0.47566 1
3361 2416 0.48093 1
3362 2416 0.65036 1
3363 2418 0.45560 1
3364 2419 0.35480 1
3365 2420 0.39788 1
3366 2421 0.36732 1
3367 2422 0.36667 1
3368 2423 0.34946 1
3369 2423 0.27578 1
3370 2424 0.25930 1
3371 2425 0.31352 1
3372 2427 0.39647 1
3373 2425 0.50660 1
3374 2428 0.39145 1
3375 2429 0.44950 1
3376 2430 0.43444 1
3377 2429 0.28307 1
3378 -1 1 0
3379 -1 1 0
3380 2431 0.24924 1
3381 2432 0.23569 1
3382 2433 0.25000 1
3383 2434 0.17492 1
3384 2435 0.22794 1
3385 2436 0.17286 1
3386 2436 0.30960 1
3387 2436 0.40860 1
3388 383 0.57598 1
3389 2439 0.25105 1
3390 2439 0.28436 1
3391 2441 0.19870 1
3392 2442 0.27882 1
3393 2442 0.34076 1
3394 2443 0.24580 1
3395 2443 0.29575 1
3396 2445 0.14537 1
3397 2446 0.15510 1
3398 2447 0.25132 1
3399 2448 0.28651 1
3400 2448 0.11292 1
3401 2449 0.14426 1
3402 396 0.21182 1
3403 2450 0.16527 1
3404 2451 0.20632 1
3405 398 0.21053 1
3406 2452 0.21821 1
3407 2453 0.25000 1
3408 401 0.20737 1
3409 402 0.14810 1
3410 401 0.28092 1
3411 404 0.19152 1
3412 407 0.33020 1
3413 407 0.22222 1
3414 2459 0.19888 1
3415 407 0.31852 1
3416 409 0.12256 1
3417 409 0.22205 1
3418 411 0.24568 1
3419 413 0.24362 1
3420 414 0.37500 1
3421 414 0.23845 1
3422 415 0.30525 1
3423 417 0.31397 1
3424 418 0.32143 1
3425 419 0.30366 1
3426 422 0.30588 1
3427 422 0.26861 1
3428 425 0.47128 1
3429 426 0.42380 1
3430 425 0.24918 1
3431 425 0.32135 1
3432 428 0.25839 1
3433 426 0.42225 1
3434 427 0.54575 1
3435 431 0.26289 1
3436 432 0.24304 1
3437 433 0.18331 1
3438 437 0.29835 1
3439 436 0.13833 1
3440 437 0.15186 1
3441 438 0.10017 1
3442 440 0.29946 1
3443 439 0.20916 1
3444 443 0.29783 1
3445 443 0.21552 1
3446 442 0.22301 1
3447 444 0.10526 1
3448 445 0.10279 1
3449 446 0.11326 1
3450 447 0.09634 1
3451 448 0.10484 1
3452 449 0.08741 1
3453 450 0.13272 1
3454 451 0.12053 1
3455 452 0.14059 1
3456 453 0.18718 1
3457 454 0.18528 1
3458 455 0.17070 1
3459 456 0.19762 1
3460 458 0.35335 1
3461 458 0.23731 1
3462 459 0.24764 1
3463 460 0.21294 1
3464 460 0.51079 1
3465 463 0.42498 1
3466 462 0.59951 1
3467 465 0.36324 1
3468 -1 1 0
3469 465 0.61056 1
3470 468 0.27003 1
3471 469 0.26278 1
3472 470 0.31287 1
3473 472 0.25783 1
3474 472 0.40093 1
3475 474 0.15502 1
3476 475 0.19817 1
3477 476 0.40055 1
3478 478 0.10531 1
3479 479 0.07675 1
3480 479 0.65962 1
3481 -1 1 0
3482 483 0.15183 1
3483 483 0.44503 1
3484 486 0.26276 1
3485 487 0.16501 1
3486 487 0.55418 1
3487 -1 1 0
3488 490 0.44362 1
3489 492 0.24314 1
3490 493 0.36943 1
3491 495 0.39631 1
3492 496 0.35875 1
3493 -1 1 0
3494 498 0.33737 1
3495 -1 1 0
3496 501 0.25678 1
3497 504 0.63543 1
3498 503 0.47097 1
3499 505 0.17062 1
3500 505 0.67298 1
3501 507 0.34899 1
3502 509 0.19602 1
3503 510 0.26748 1
3504 511 0.33853 1
3505 513 0.17763 1
3506 514 0.15824 1
3507 512 0.63043 1
3508 518 0.43691 1
3509 518 0.20463 1
3510 519 0.23148 1
3511 520 0.37277 1
3512 522 0.19608 1
3513 524 0.30164 1
3514 524 0.22943 1
3515 529 0.42940 1
3516 530 0.42271 1
3517 529 0.26140 1
3518 530 0.23085 1
3519 529 0.41640 1
3520 537 0.35637 1
3521 536 0.31813 1
3522 539 0.34283 1
3523 546 0.29246 1
3524 541 0.27763 1
3525 534 0.41935 1
3526 558 0.26902 1
3527 563 0.25622 1
3528 567 0.27101 1
3529 568 0.19334 1
3530 568 0.26228 1
3531 572 0.36538 1
3532 570 0.23344 1
3533 572 0.18245 1
3534 576 0.41509 1
3535 571 0.43590 1
3536 576 0.30359 1
3537 576 0.22189 1
3538 576 0.24430 1
3539 577 0.23836 1
3540 578 0.14866 1
3541 580 0.20986 1
3542 580 0.27772 1
3543 581 0.17527 1
3544 583 0.15573 1
3545 584 0.14878 1
3546 584 0.20460 1
3547 586 0.12390 1
3548 588 0.25896 1
3549 588 0.15022 1
3550 588 0.33740 1
3551 591 0.27526 1
3552 591 0.21026 1
3553 593 0.19247 1
3554 594 0.15686 1
3555 595 0.15961 1
3556 595 0.25194 1
3557 597 0.12426 1
3558 598 0.14611 1
3559 599 0.09927 1
3560 600 0.17775 1
3561 601 0.15640 1
3562 603 0.11684 1
3563 604 0.13738 1
3564 605 0.19976 1
3565 606 0.17456 1
3566 607 0.17638 1
3567 609 0.29421 1
3568 610 0.18281 1
3569 610 0.23552 1
3570 611 0.41803 1
3571 -1 1 0
3572 614 0.06967 1
3573 614 0.43049 1
3574 617 0.28936 1
3575 -1 1 0
3576 619 0.15962 1
3577 620 0.07295 1
3578 621 0.12804 1
3579 621 0.42714 1
3580 624 0.29612 1
3581 626 0.49130 1
3582 626 0.11500 1
3583 627 0.11130 1
3584 628 0.10694 1
3585 629 0.18468 1
3586 630 0.26774 1
3587 632 0.24299 1
3588 633 0.14837 1
3589 634 0.15051 1
3590 635 0.13508 1
3591 636 0.22655 1
3592 638 0.34177 1
3593 -1 1 0
3594 640 0.15676 1
3595 641 0.16561 1
3596 -1 1 0
3597 -1 1 0
3598 644 0.44592 1
3599 -1 1 0
3600 647 0.16829 1
3601 648 0.20970 1
3602 650 0.31929 1
3603 -1 1 0
3604 652 0.14610 1
3605 653 0.11577 1
3606 654 0.21762 1
3607 655 0.33333 1
3608 657 0.26763 1
3609 658 0.08786 1
3610 659 0.20024 1
3611 661 0.42511 1
3612 -1 1 0
3613 663 0.11302 1
3614 664 0.14245 1
3615 665 0.28052 1
3616 -1 1 0
3617 668 0.10123 1
3618 -1 1 0
3619 670 0.25622 1
3620 -1 1 0
3621 -1 1 0
3622 674 0.12949 1
3623 675 0.17557 1
3624 676 0.24689 1
3625 -1 1 0
3626 679 0.29268 1
3627 680 0.15408 1
3628 681 0.12766 1
3629 682 0.12442 1
3630 683 0.25752 1
3631 -1 1 0
3632 686 0.22285 1
3633 687 0.19890 1
3634 688 0.13039 1
3635 -1 1 0
3636 690 0.28532 1
3637 -1 1 0
3638 692 0.30505 1
3639 694 0.10000 1
3640 695 0.09569 1
3641 696 0.17282 1
3642 698 0.37671 1
3643 698 0.31507 1
3644 -1 1 0
3645 700 0.42948 1
3646 702 0.12644 1
3647 703 0.17851 1
3648 705 0.38889 1
3649 706 0.26587 1
3650 710 0.54257 1
3651 709 0.48108 1
3652 710 0.36513 1
3653 710 0.22386 1
3654 711 0.14270 1
3655 713 0.17843 1
3656 713 0.26154 1
3657 717 0.38283 1
3658 717 0.23627 1
3659 719 0.28920 1
3660 719 0.15718 1
3661 -1 1 0
3662 722 0.15051 1
3663 723 0.15160 1
3664 724 0.15804 1
3665 -1 1 0
3666 727 0.17737 1
3667 728 0.14372 1
3668 -1 1 0
3669 731 0.23333 1
3670 732 0.26042 1
3671 -1 1 0
3672 -1 1 0
3673 738 0.34930 1
3674 -1 1 0
3675 -1 1 0
3676 -1 1 0
3677 736 0.40465 1
3678 -1 1 0
3679 -1 1 0
3680 -1 1 0
3681 -1 1 0
3682 -1 1 0
3683 -1 1 0
3684 -1 1 0
3685 -1 1 0
3686 -1 1 0
3687 746 0.42328 1
3688 -1 1 0
3689 -1 1 0
3690 751 0.35249 1
3691 752 0.43735 1
3692 753 0.35294 1
3693 755 0.43224 1
3694 756 0.33505 1
3695 757 0.46187 1
3696 753 0.37134 1
3697 758 0.33255 1
3698 757 0.30400 1
3699 757 0.31186 1
3700 759 0.25882 1
3701 762 0.25794 1
3702 763 0.29459 1
3703 -1 1 0
3704 765 0.23362 1
3705 765 0.22527 1
3706 -1 1 0
3707 -1 1 0
3708 -1 1 0
3709 770 0.16000 1
3710 771 0.17928 1
3711 772 0.15269 1
3712 -1 1 0
3713 -1 1 0
3714 -1 1 0
3715 -1 1 0
3716 777 0.24797 1
3717 779 0.26752 1
3718 780 0.17310 1
3719 780 0.41439 1
3720 782 0.23815 1
3721 783 0.13924 1
3722 784 0.20909 1
3723 785 0.21781 1
3724 787 0.42165 1
3725 788 0.36005 1
3726 788 0.42609 1
3727 790 0.15409 1
3728 791 0.15622 1
3729 792 0.33466 1
3730 793 0.40506 1
3731 795 0.36217 1
3732 796 0.20031 1
3733 797 0.20073 1
3734 798 0.22941 1
3735 -1 1 0
3736 801 0.23921 1
3737 802 0.24981 1
3738 803 0.26252 1
3739 804 0.41736 1
3740 806 0.41060 1
3741 -1 1 0
3742 808 0.39725 1
3743 810 0.51189 1
3744 810 0.38749 1
3745 812 0.40014 1
3746 -1 1 0
3747 814 0.31506 1
3748 814 0.60467 1
3749 816 0.31742 1
3750 818 0.35237 1
3751 820 0.63824 1
3752 822 0.68696 1
3753 -1 1 0
3754 823 0.35772 1
3755 824 0.42016 1
3756 826 0.50142 1
3757 -1 1 0
3758 828 0.36552 1
3759 829 0.21274 1
3760 830 0.15437 1
3761 832 0.30940 1
3762 832 0.26030 1
3763 834 0.11594 1
3764 835 0.13753 1
3765 837 0.13388 1
3766 837 0.33860 1
3767 840 0.12684 1
3768 843 0.30092 1
3769 843 0.07511 1
3770 844 0.10046 1
3771 846 0.09695 1
3772 846 0.30369 1
3773 854 0.40625 1
3774 850 0.08961 1
3775 852 0.10874 1
3776 854 0.25934 1
3777 856 0.34175 1
3778 853 0.40909 1
3779 857 0.09835 1
3780 858 0.15190 1
3781 861 0.29723 1
3782 861 0.10387 1
3783 862 0.12013 1
3784 864 0.16738 1
3785 865 0.07525 1
3786 866 0.14679 1
3787 866 0.37887 1
3788 869 0.24201 1
3789 870 0.09002 1
3790 871 0.07134 1
3791 872 0.16617 1
3792 876 0.46241 1
3793 -1 1 0
3794 876 0.12014 1
3795 877 0.14000 1
3796 880 0.41224 1
3797 880 0.16826 1
3798 881 0.19965 1
3799 882 0.09483 1
3800 883 0.13858 1
3801 883 0.41534 1
3802 889 0.70308 1
3803 887 0.26532 1
3804 888 0.14636 1
3805 891 0.61689 1
3806 890 0.33140 1
3807 890 0.68237 1
3808 -1 1 0
3809 894 0.21714 1
3810 895 0.19253 1
3811 896 0.34872 1
3812 900 0.71516 1
3813 898 0.49078 1
3814 -1 1 0
3815 901 0.30007 1
3816 902 0.28095 1
3817 904 0.52904 1
3818 905 0.46985 1
3819 -1 1 0
3820 907 0.27003 1
3821 908 0.32441 1
3822 -1 1 0
3823 -1 1 0
3824 -1 1 0
3825 913 0.23848 1
3826 916 0.69458 1
3827 915 0.44394 1
3828 915 0.70755 1
3829 918 0.32475 1
3830 919 0.26897 1
3831 -1 1 0
3832 922 0.25276 1
3833 924 0.49666 1
3834 925 0.40543 1
3835 -1 1 0
3836 927 0.35836 1
3837 927 0.59792 1
3838 930 0.43131 1
3839 -1 1 0
3840 933 0.42967 1
3841 936 0.39390 1
3842 938 0.54705 1
3843 -1 1 0
3844 -1 1 0
3845 945 0.55385 1
3846 -1 1 0
3847 -1 1 0
3848 -1 1 0
3849 -1 1 0
3850 -1 1 0
3851 -1 1 0
3852 -1 1 0
3853 -1 1 0
3854 -1 1 0
3855 -1 1 0
3856 -1 1 0
3857 -1 1 0
3858 -1 1 0
3859 -1 1 0
3860 -1 1 0
3861 -1 1 0
3862 -1 1 0
3863 -1 1 0
3864 -1 1 0
3865 -1 1 0
3866 -1 1 0
3867 -1 1 0
3868 -1 1 0
3869 -1 1 0
3870 -1 1 0
3871 -1 1 0
3872 -1 1 0
3873 -1 1 0
3874 -1 1 0
3875 -1 1 0
3876 -1 1 0
3877 -1 1 0
3878 -1 1 0
3879 -1 1 0
3880 -1 1 0
3881 -1 1 0
3882 -1 1 0
3883 -1 1 0
3884 -1 1 0
3885 -1 1 0
3886 -1 1 0
3887 -1 1 0
3888 -1 1 0
3889 -1 1 0
3890 -1 1 0
3891 -1 1 0
3892 -1 1 0
3893 -1 1 0
3894 -1 1 0
3895 -1 1 0
3896 -1 1 0
3897 -1 1 0
3898 -1 1 0
3899 -1 1 0
3900 -1 1 0
3901 -1 1 0
3902 -1 1 0
3903 -1 1 0
3904 -1 1 0
3905 -1 1 0
3906 -1 1 0
3907 -1 1 0
3908 -1 1 0
3909 -1 1 0
3910 -1 1 0
3911 -1 1 0
3912 -1 1 0
3913 -1 1 0
3914 -1 1 0
3915 -1 1 0
3916 -1 1 0
3917 -1 1 0
3918 -1 1 0
3919 -1 1 0
3920 -1 1 0
3921 -1 1 0
3922 -1 1 0
3923 -1 1 0
3924 -1 1 0
3925 -1 1 0
3926 -1 1 0
3927 -1 1 0
3928 -1 1 0
3929 -1 1 0
3930 -1 1 0
3931 -1 1 0
3932 -1 1 0
3933 -1 1 0
3934 -1 1 0
3935 -1 1 0
3936 -1 1 0
3937 -1 1 0
3938 -1 1 0
3939 -1 1 0
3940 -1 1 0
3941 -1 1 0
3942 -1 1 0
3943 -1 1 0
3944 -1 1 0
3945 -1 1 0
3946 -1 1 0
3947 -1 1 0
3948 -1 1 0
3949 -1 1 0
3950 -1 1 0
3951 -1 1 0
3952 -1 1 0
3953 -1 1 0
3954 -1 1 0
3955 -1 1 0
3956 -1 1 0
3957 -1 1 0
3958 -1 1 0
3959 -1 1 0
3960 -1 1 0
3961 -1 1 0
3962 -1 1 0
3963 -1 1 0
3964 -1 1 0
3965 -1 1 0
3966 -1 1 0
3967 -1 1 0
3968 -1 1 0
3969 -1 1 0
3970 -1 1 0
3971 -1 1 0
3972 -1 1 0
3973 -1 1 0
3974 -1 1 0
3975 -1 1 0
3976 -1 1 0
3977 -1 1 0
3978 -1 1 0
3979 -1 1 0
3980 -1 1 0
3981 -1 1 0
3982 -1 1 0
3983 -1 1 0
3984 -1 1 0
3985 -1 1 0
3986 -1 1 0
3987 -1 1 0
3988 -1 1 0
3989 -1 1 0
3990 -1 1 0
3991 -1 1 0
3992 -1 1 0
3993 -1 1 0
3994 -1 1 0
3995 -1 1 0
3996 -1 1 0
3997 -1 1 0
3998 -1 1 0
3999 -1 1 0
4000 -1 1 0
4001 -1 1 0
4002 -1 1 0
4003 -1 1 0
4004 -1 1 0
4005 -1 1 0
4006 -1 1 0
4007 -1 1 0
4008 -1 1 0
4009 -1 1 0
4010 -1 1 0
4011 -1 1 0
4012 -1 1 0
4013 -1 1 0
4014 -1 1 0
4015 -1 1 0
4016 -1 1 0
4017 -1 1 0
4018 -1 1 0
4019 -1 1 0
4020 -1 1 0
4021 -1 1 0
4022 -1 1 0
4023 -1 1 0
4024 -1 1 0
4025 -1 1 0
4026 -1 1 0
4027 -1 1 0
4028 -1 1 0
4029 -1 1 0
4030 -1 1 0
4031 -1 1 0
4032 -1 1 0
4033 -1 1 0
4034 -1 1 0
4035 -1 1 0
4036 -1 1 0
4037 -1 1 0
4038 -1 1 0
4039 -1 1 0
4040 -1 1 0
4041 -1 1 0
4042 -1 1 0
4043 -1 1 0
4044 -1 1 0
4045 -1 1 0
4046 -1 1 0
4047 -1 1 0
4048 -1 1 0
4049 -1 1 0
4050 -1 1 0
4051 -1 1 0
4052 -1 1 0
4053 -1 1 0
4054 -1 1 0
4055 -1 1 0
4056 -1 1 0
4057 -1 1 0
4058 -1 1 0
4059 -1 1 0
4060 -1 1 0
4061 -1 1 0
4062 -1 1 0
4063 -1 1 0
4064 -1 1 0
4065 -1 1 0
4066 -1 1 0
4067 -1 1 0
4068 -1 1 0
4069 -1 1 0
4070 -1 1 0
4071 -1 1 0
4072 -1 1 0
4073 -1 1 0
4074 -1 1 0
4075 -1 1 0
4076 -1 1 0
4077 -1 1 0
4078 -1 1 0
4079 -1 1 0
4080 -1 1 0
4081 -1 1 0
4082 -1 1 0
4083 -1 1 0
4084 -1 1 0
4085 -1 1 0
4086 -1 1 0
4087 -1 1 0
4088 -1 1 0
4089 -1 1 0
4090 -1 1 0
4091 -1 1 0
4092 -1 1 0
4093 -1 1 0
4094 -1 1 0
4095 -1 1 0
4096 -1 1 0
4097 -1 1 0
4098 -1 1 0
4099 -1 1 0
4100 -1 1 0
4101 -1 1 0
4102 -1 1 0
4103 -1 1 0
4104 -1 1 0
4105 -1 1 0
4106 -1 1 0
4107 -1 1 0
4108 -1 1 0
4109 -1 1 0
4110 -1 1 0
4111 -1 1 0
4112 -1 1 0
4113 -1 1 0
4114 -1 1 0
4115 -1 1 0
4116 -1 1 0
4117 -1 1 0
4118 -1 1 0
4119 -1 1 0
4120 -1 1 0
4121 -1 1 0
4122 -1 1 0
4123 -1 1 0
4124 -1 1 0
4125 -1 1 0
4126 -1 1 0
4127 -1 1 0
4128 -1 1 0
4129 -1 1 0
4130 -1 1 0
4131 -1 1 0
4132 -1 1 0
4133 -1 1 0
4134 -1 1 0
4135 -1 1 0
4136 -1 1 0
4137 -1 1 0
4138 -1 1 0
4139 -1 1 0
4140 -1 1 0
4141 -1 1 0
4142 -1 1 0
4143 -1 1 0
4144 -1 1 0
4145 -1 1 0
4146 -1 1 0
4147 -1 1 0
4148 -1 1 0
4149 -1 1 0
4150 -1 1 0
4151 -1 1 0
4152 -1 1 0
4153 -1 1 0
4154 -1 1 0
4155 -1 1 0
4156 -1 1 0
4157 -1 1 0
4158 -1 1 0
4159 -1 1 0
4160 -1 1 0
4161 -1 1 0
4162 -1 1 0
4163 -1 1 0
4164 -1 1 0
4165 -1 1 0
4166 -1 1 0
4167 -1 1 0
4168 -1 1 0
4169 -1 1 0
4170 -1 1 0
4171 -1 1 0
4172 -1 1 0
4173 -1 1 0
4174 -1 1 0
4175 -1 1 0
4176 -1 1 0
4177 -1 1 0
4178 -1 1 0
4179 -1 1 0
4180 -1 1 0
4181 -1 1 0
4182 -1 1 0
4183 -1 1 0
4184 -1 1 0
4185 -1 1 0
4186 -1 1 0
4187 -1 1 0
4188 -1 1 0
4189 -1 1 0
4190 -1 1 0
4191 -1 1 0
4192 -1 1 0
4193 -1 1 0
4194 -1 1 0
4195 -1 1 0
4196 -1 1 0
4197 -1 1 0
4198 -1 1 0
4199 -1 1 0
4200 -1 1 0
4201 -1 1 0
4202 -1 1 0
4203 -1 1 0
4204 -1 1 0
4205 -1 1 0
4206 -1 1 0
4207 -1 1 0
4208 -1 1 0
4209 -1 1 0
4210 -1 1 0
4211 -1 1 0
4212 -1 1 0
4213 -1 1 0
4214 -1 1 0
4215 -1 1 0
4216 -1 1 0
4217 -1 1 0
4218 -1 1 0
4219 -1 1 0
4220 -1 1 0
4221 -1 1 0
4222 -1 1 0
4223 -1 1 0
4224 -1 1 0
4225 -1 1 0
4226 -1 1 0
4227 -1 1 0
4228 -1 1 0
4229 -1 1 0
4230 -1 1 0
4231 -1 1 0
4232 -1 1 0
4233 -1 1 0
4234 -1 1 0
4235 -1 1 0
4236 -1 1 0
4237 -1 1 0
4238 -1 1 0
4239 -1 1 0
4240 -1 1 0
4241 -1 1 0
4242 -1 1 0
4243 -1 1 0
4244 -1 1 0
4245 -1 1 0
4246 -1 1 0
4247 -1 1 0
4248 -1 1 0
4249 -1 1 0
4250 -1 1 0
4251 -1 1 0
4252 -1 1 0
4253 -1 1 0
4254 -1 1 0
4255 -1 1 0
4256 -1 1 0
4257 -1 1 0
4258 -1 1 0
4259 -1 1 0
4260 -1 1 0
4261 -1 1 0
4262 -1 1 0
4263 -1 1 0
4264 -1 1 0
4265 -1 1 0
4266 -1 1 0
4267 -1 1 0
4268 -1 1 0
4269 -1 1 0
4270 -1 1 0
4271 -1 1 0
4272 -1 1 0
4273 -1 1 0
4274 -1 1 0
4275 -1 1 0
4276 -1 1 0
4277 -1 1 0
4278 -1 1 0
4279 -1 1 0
4280 -1 1 0
4281 -1 1 0
4282 -1 1 0
4283 -1 1 0
4284 -1 1 0
4285 -1 1 0
4286 -1 1 0
4287 -1 1 0
4288 -1 1 0
4289 -1 1 0
4290 -1 1 0
4291 -1 1 0
4292 -1 1 0
4293 -1 1 0
4294 -1 1 0
4295 -1 1 0
4296 -1 1 0
4297 -1 1 0
4298 -1 1 0
4299 -1 1 0
4300 -1 1 0
4301 -1 1 0
4302 -1 1 0
4303 -1 1 0
4304 -1 1 0
4305 -1 1 0
4306 -1 1 0
4307 -1 1 0
4308 -1 1 0
4309 -1 1 0
4310 -1 1 0
4311 -1 1 0
4312 -1 1 0
4313 -1 1 0
4314 -1 1 0
4315 -1 1 0
4316 -1 1 0
4317 -1 1 0
4318 -1 1 0
4319 -1 1 0
4320 -1 1 0
4321 -1 1 0
4322 -1 1 0
4323 -1 1 0
4324 -1 1 0
4325 -1 1 0
4326 -1 1 0
4327 -1 1 0
4328 -1 1 0
4329 -1 1 0
4330 -1 1 0
4331 -1 1 0
4332 -1 1 0
4333 -1 1 0
4334 -1 1 0
4335 -1 1 0
4336 -1 1 0
4337 -1 1 0
4338 -1 1 0
4339 -1 1 0
4340 -1 1 0
4341 -1 1 0
4342 -1 1 0
4343 -1 1 0
4344 -1 1 0
4345 -1 1 0
4346 -1 1 0
4347 -1 1 0
4348 -1 1 0
4349 -1 1 0
4350 -1 1 0
4351 -1 1 0
4352 -1 1 0
4353 -1 1 0
4354 -1 1 0
4355 -1 1 0
4356 -1 1 0
4357 -1 1 0
4358 -1 1 0
4359 -1 1 0
4360 -1 1 0
4361 -1 1 0
4362 -1 1 0
4363 -1 1 0
4364 -1 1 0
4365 -1 1 0
4366 -1 1 0
4367 -1 1 0
4368 -1 1 0
4369 -1 1 0
4370 -1 1 0
4371 -1 1 0
4372 -1 1 0
4373 -1 1 0
4374 -1 1 0
4375 -1 1 0
4376 -1 1 0
4377 -1 1 0
4378 -1 1 0
4379 -1 1 0
4380 -1 1 0
4381 -1 1 0
4382 -1 1 0
4383 -1 1 0
4384 -1 1 0
4385 -1 1 0
4386 -1 1 0
4387 -1 1 0
4388 -1 1 0
4389 -1 1 0
4390 -1 1 0
4391 -1 1 0
4392 -1 1 0
4393 -1 1 0
4394 -1 1 0
4395 -1 1 0
4396 -1 1 0
4397 -1 1 0
4398 -1 1 0
4399 -1 1 0
4400 -1 1 0
4401 -1 1 0
4402 -1 1 0
4403 -1 1 0
4404 -1 1 0
4405 -1 1 0
4406 -1 1 0
4407 -1 1 0
4408 -1 1 0
4409 -1 1 0
4410 -1 1 0
4411 -1 1 0
4412 -1 1 0
4413 -1 1 0
4414 -1 1 0
4415 -1 1 0
4416 -1 1 0
4417 -1 1 0
4418 -1 1 0
4419 -1 1 0
4420 -1 1 0
4421 -1 1 0
4422 -1 1 0
4423 -1 1 0
4424 -1 1 0
4425 -1 1 0
4426 -1 1 0
4427 -1 1 0
4428 -1 1 0
4429 -1 1 0
4430 -1 1 0
4431 -1 1 0
4432 -1 1 0
4433 -1 1 0
4434 -1 1 0
4435 -1 1 0
4436 -1 1 0
4437 -1 1 0
4438 -1 1 0
4439 -1 1 0
4440 -1 1 0
4441 -1 1 0
4442 -1 1 0
4443 -1 1 0
4444 -1 1 0
4445 -1 1 0
4446 -1 1 0
4447 -1 1 0
4448 -1 1 0
4449 -1 1 0
4450 -1 1 0
4451 2 0.15323 1
4452 -1 1 0
4453 4 0.19930 1
4454 5 0.19565 1
4455 -1 1 0
4456 -1 1 0
4457 7 0.23741 1
4458 8 0.30518 1
4459 9 0.20550 1
4460 -1 1 0
4461 11 0.18433 1
4462 12 0.18670 1
4463 -1 1 0
4464 15 0.15043 1
4465 -1 1 0
4466 17 0.21296 1
4467 17 0.19256 1
4468 19 0.22747 1
4469 19 0.21188 1
4470 20 0.25926 1
4471 21 0.29602 1
4472 21 0.37113 1
4473 23 0.25142 1
4474 25 0.25372 1
4475 26 0.18471 1
4476 25 0.46630 1
4477 28 0.24751 1
4478 29 0.30888 1
4479 30 0.25802 1
4480 32 0.31081 1
4481 32 0.33735 1
4482 33 0.24828 1
4483 35 0.19687 1
4484 36 0.18950 1
4485 37 0.12658 1
4486 38 0.14394 1
4487 39 0.16667 1
4488 40 0.08617 1
4489 41 0.15571 1
4490 43 0.35851 1
4491 44 0.22013 1
4492 46 0.50000 1
4493 46 0.15392 1
4494 47 0.15331 1
4495 48 0.12912 1
4496 51 0.40940 1
4497 51 0.24779 1
4498 50 0.33761 1
4499 53 0.24745 1
4500 52 0.43261 1
4501 54 0.30109 1
4502 56 0.16274 1
4503 58 0.36896 1
4504 59 0.38827 1
4505 58 0.39106 1
4506 -1 1 0
4507 62 0.23305 1
4508 63 0.29703 1
4509 65 0.33138 1
4510 66 0.19239 1
4511 67 0.11576 1
4512 68 0.25926 1
4513 -1 1 0
4514 71 0.26733 1
4515 73 0.20799 1
4516 73 0.31734 1
4517 73 0.43855 1
4518 77 0.14195 1
4519 -1 1 0
4520 79 0.45289 1
4521 80 0.56938 1
4522 -1 1 0
4523 -1 1 0
4524 88 0.27460 1
4525 89 0.31605 1
4526 94 0.37969 1
4527 -1 1 0
4528 -1 1 0
4529 99 0.34795 1
4530 103 0.38768 1
4531 100 0.45037 1
4532 111 0.56618 1
4533 106 0.64516 1
4534 -1 1 0
4535 -1 1 0
4536 -1 1 0
4537 -1 1 0
4538 -1 1 0
4539 -1 1 0
4540 -1 1 0
4541 -1 1 0
